218871.017	4508186.134
218872.923	4508189.018
218874.839	4508191.718
218876.876	4508194.423
218878.904	4508197.314
218881.061	4508200.025
218883.098	4508202.731
218885.005	4508205.615
218887.051	4508208.134
218889.469	4508210.488
218892.129	4508212.854
218894.667	4508215.213
218897.066	4508217.938
218899.223	4508220.649
218901.26	4508223.354
218903.177	4508226.054
218904.953	4508229.116
218906.86	4508232
218908.767	4508234.885
218910.543	4508237.948
219006.189	4508427.861
219007.378	4508432.937
219007.774	4508434.629
219008.697	4508437.833
219009.5	4508441.033
219010.292	4508444.417
219011.094	4508447.615
219012.008	4508451.005
219012.811	4508454.203
219013.603	4508457.587
219014.396	4508460.971
219015.319	4508464.177
219016.242	4508467.381
219017.035	4508470.765
219017.827	4508474.149
219018.63	4508477.347
219019.423	4508480.731
219020.225	4508483.93
219020.897	4508487.308
219021.56	4508490.87
219022.232	4508494.248
219022.914	4508497.441
219023.586	4508500.818
219024.128	4508504.374
219024.559	4508507.739
219025.231	4508511.117
219025.903	4508514.495
219026.445	4508518.052
219026.997	4508521.423
219027.549	4508524.794
219027.85	4508528.339
219028.28	4508531.704
219028.572	4508535.433
219028.872	4508538.978
219029.183	4508542.337
219029.614	4508545.702
219029.915	4508549.245
219030.225	4508552.604
219030.526	4508556.149
219030.948	4508559.699
219031.378	4508563.065
219031.68	4508566.608
219031.86	4508570.146
219032.17	4508573.505
219032.601	4508576.871
219032.902	4508580.415
219033.203	4508583.959
219033.504	4508587.503
219033.814	4508590.862
219034.245	4508594.227
219034.435	4508597.58
219034.615	4508601.118
219034.925	4508604.477
219035.226	4508608.021
219035.657	4508611.386
219035.958	4508614.93
219036.269	4508618.289
219036.449	4508621.828
219036.629	4508625.365
219036.809	4508628.903
219036.99	4508632.441
219037.179	4508635.794
219037.48	4508639.338
219037.67	4508642.69
219038.092	4508646.241
219038.401	4508649.6
219038.591	4508652.953
219038.771	4508656.491
219038.961	4508659.844
219039.151	4508663.197
219039.331	4508666.734
219039.512	4508670.272
219039.692	4508673.81
219039.761	4508677.157
219039.942	4508680.694
219040.132	4508684.047
219040.432	4508687.591
219040.622	4508690.944
219041.044	4508694.495
219041.715	4508697.872
219042.388	4508701.25
219043.051	4508704.812
219043.732	4508708.005
219044.526	4508711.389
219045.439	4508714.779
219046.353	4508718.169
219047.386	4508721.566
219048.189	4508724.764
219049.232	4508727.974
219050.286	4508731.001
219051.571	4508734.224
219052.735	4508737.442
219054.02	4508740.665
219055.425	4508743.894
219056.71	4508747.119
219057.754	4508750.329
219058.918	4508753.546
219060.073	4508756.949
219061.117	4508760.161
219062.151	4508763.557
219063.194	4508766.767
219064.117	4508769.972
219064.92	4508773.171
219065.964	4508776.382
219067.007	4508779.593
219067.931	4508782.798
219068.974	4508786.009
219070.008	4508789.405
219070.922	4508792.795
219071.835	4508796.185
219072.749	4508799.575
219073.672	4508802.78
219074.465	4508806.164
219075.379	4508809.554
219076.171	4508812.938
219077.085	4508816.328
219077.878	4508819.711
219078.791	4508823.102
219079.705	4508826.492
219080.609	4508830.067
219081.281	4508833.445
219082.185	4508837.021
219082.858	4508840.398
219083.53	4508843.776
219084.443	4508847.166
219085.347	4508850.74
219086.141	4508854.124
219086.943	4508857.323
219087.606	4508860.886
219088.278	4508864.263
219088.95	4508867.641
219089.613	4508871.204
219090.276	4508874.767
219090.948	4508878.145
219091.621	4508881.522
219092.293	4508884.9
219092.956	4508888.462
219093.628	4508891.84
219094.421	4508895.224
219095.334	4508898.614
219095.997	4508902.177
219096.669	4508905.554
219097.332	4508909.118
219098.125	4508912.501
219098.807	4508915.693
219099.48	4508919.071
219100.263	4508922.641
219100.935	4508926.018
219101.607	4508929.396
219102.27	4508932.958
219103.063	4508936.342
219103.736	4508939.719
219104.408	4508943.097
219104.96	4508946.468
219105.622	4508950.031
219106.295	4508953.409
219106.726	4508956.774
219107.148	4508960.325
219107.95	4508963.523
219108.502	4508966.895
219109.035	4508970.636
219109.586	4508974.007
219110.259	4508977.385
219110.801	4508980.942
219111.473	4508984.32
219112.146	4508987.697
219112.818	4508991.075
219113.37	4508994.446
219113.922	4508997.818
219114.473	4509001.189
219115.145	4509004.567
219115.818	4509007.944
219116.37	4509011.316
219117.042	4509014.693
219117.705	4509018.256
219118.256	4509021.628
219118.919	4509025.19
219119.582	4509028.753
219120.134	4509032.124
219120.686	4509035.496
219121.238	4509038.867
219121.91	4509042.245
219122.452	4509045.802
219123.004	4509049.173
219123.546	4509052.729
219124.218	4509056.107
219124.761	4509059.664
219125.553	4509063.047
219126.347	4509066.431
219127.019	4509069.809
219127.45	4509073.174
219127.881	4509076.539
219128.424	4509080.096
219128.975	4509083.468
219129.406	4509086.833
219129.948	4509090.389
219130.38	4509093.754
219130.801	4509097.304
219131.353	4509100.676
219131.905	4509104.047
219132.457	4509107.419
219133.009	4509110.79
219133.672	4509114.353
219134.214	4509117.909
219134.886	4509121.287
219135.438	4509124.658
219136.231	4509128.042
219136.893	4509131.605
219137.445	4509134.976
219137.877	4509138.342
219138.429	4509141.713
219138.98	4509145.084
219139.532	4509148.456
219140.074	4509152.013
219140.756	4509155.205
219141.298	4509158.762
219141.85	4509162.133
219142.272	4509165.683
219142.814	4509169.24
219143.366	4509172.611
219143.908	4509176.168
219144.339	4509179.533
219144.891	4509182.905
219145.322	4509186.27
219145.744	4509189.819
219146.175	4509193.185
219146.597	4509196.735
219147.028	4509200.1
219147.459	4509203.466
219147.89	4509206.831
219148.312	4509210.382
219148.864	4509213.753
219149.406	4509217.309
219149.837	4509220.674
219150.259	4509224.225
219150.69	4509227.59
219151	4509230.949
219151.302	4509234.493
219151.612	4509237.852
219151.913	4509241.396
219152.224	4509244.755
219152.404	4509248.293
219152.825	4509251.844
219153.127	4509255.387
219153.438	4509258.746
219153.738	4509262.291
219153.928	4509265.643
219154.239	4509269.002
219154.298	4509272.534
219154.609	4509275.893
219154.79	4509279.43
219154.97	4509282.969
219155.029	4509286.501
219155.34	4509289.86
219155.53	4509293.212
219155.832	4509296.756
219156.022	4509300.109
219156.322	4509303.653
219156.502	4509307.191
219156.692	4509310.544
219156.873	4509314.081
219157.063	4509317.434
219157.123	4509320.966
219157.313	4509324.319
219157.372	4509327.851
219157.442	4509331.197
219157.502	4509334.728
219157.561	4509338.26
219157.63	4509341.607
219157.57	4509345.133
219157.629	4509348.664
219157.699	4509352.01
219157.88	4509355.549
219158.07	4509358.901
219158.129	4509362.433
219158.319	4509365.786
219158.499	4509369.323
219158.559	4509372.855
219158.619	4509376.388
219158.8	4509379.925
219158.859	4509383.457
219158.928	4509386.803
219158.989	4509390.335
219159.048	4509393.866
219159.238	4509397.219
219159.298	4509400.751
219159.237	4509404.277
219159.186	4509407.617
219159.245	4509411.148
219159.185	4509414.674
219159.124	4509418.2
219159.063	4509421.725
219158.881	4509425.244
219158.821	4509428.77
219158.76	4509432.295
219158.709	4509435.635
219158.768	4509439.167
219158.707	4509442.693
219158.767	4509446.224
219158.706	4509449.75
219158.646	4509453.276
219158.584	4509456.801
219158.533	4509460.141
219158.352	4509463.661
219158.17	4509467.18
219157.989	4509470.699
219157.808	4509474.219
219157.756	4509477.559
219157.695	4509481.085
219157.635	4509484.609
219157.453	4509488.129
219157.151	4509491.642
219156.969	4509495.161
219156.788	4509498.681
219156.496	4509502.009
219156.434	4509505.534
219156.253	4509509.053
219156.071	4509512.573
219155.77	4509516.086
219155.347	4509519.592
219155.055	4509522.92
219154.752	4509526.433
219154.45	4509529.947
219154.158	4509533.275
219153.855	4509536.787
219153.553	4509540.3
219153.251	4509543.814
219152.838	4509547.135
219152.536	4509550.648
219152.123	4509553.969
219151.579	4509557.47
219151.045	4509560.786
219151.115	4509564.132
219151.918	4509567.33
219152.952	4509570.727
219154.117	4509573.945
219154.91	4509577.328
219155.452	4509580.884
219155.874	4509584.435
219156.426	4509587.806
219156.987	4509590.992
219157.539	4509594.364
219158.221	4509597.557
219158.773	4509600.928
219159.696	4509604.133
219160.619	4509607.337
219161.654	4509610.733
219162.708	4509613.759
219163.751	4509616.97
219164.555	4509620.169
219165.106	4509623.541
219165.658	4509626.912
219166.089	4509630.277
219166.511	4509633.827
219166.691	4509637.365
219166.752	4509640.897
219166.561	4509644.601
219166.499	4509648.127
219166.198	4509651.64
219166.136	4509655.165
219166.317	4509658.704
219166.739	4509662.253
219167.17	4509665.619
219167.481	4509668.978
219167.661	4509672.516
219167.971	4509675.875
219168.152	4509679.413
219168.584	4509682.778
219169.005	4509686.328
219169.195	4509689.681
219169.506	4509693.039
219169.807	4509696.584
219170.229	4509700.135
219170.781	4509703.506
219171.202	4509707.056
219171.633	4509710.421
219171.935	4509713.965
219172.246	4509717.324
219172.677	4509720.69
219172.987	4509724.048
219173.298	4509727.407
219173.609	4509730.766
219173.919	4509734.125
219174.471	4509737.497
219174.902	4509740.862
219175.333	4509744.227
219175.756	4509747.778
219176.187	4509751.143
219176.618	4509754.508
219177.16	4509758.064
219177.592	4509761.429
219178.023	4509764.794
219178.575	4509768.165
219179.006	4509771.531
219179.438	4509774.896
219179.99	4509778.267
219180.662	4509781.645
219181.335	4509785.022
219181.886	4509788.394
219182.559	4509791.771
219183.231	4509795.149
219183.904	4509798.526
219184.466	4509801.713
219185.027	4509804.899
219185.579	4509808.27
219186.372	4509811.654
219187.045	4509815.032
219187.718	4509818.409
219188.399	4509821.601
219189.072	4509824.979
219189.865	4509828.363
219190.538	4509831.74
219191.09	4509835.112
219191.883	4509838.496
219192.686	4509841.695
219193.6	4509845.085
219194.403	4509848.283
219195.085	4509851.475
219195.999	4509854.865
219196.913	4509858.255
219197.827	4509861.645
219198.62	4509865.029
219199.302	4509868.222
219199.974	4509871.6
219200.898	4509874.804
219201.932	4509878.2
219202.977	4509881.411
219204.132	4509884.814
219204.804	4509888.191
219205.105	4509891.736
219205.045	4509895.261
219204.742	4509898.774
219204.561	4509902.293
219204.37	4509905.998
219204.319	4509909.338
219204.258	4509912.864
219204.197	4509916.39
219204.016	4509919.908
219203.834	4509923.428
219203.662	4509926.762
219203.481	4509930.281
219203.43	4509933.622
219203.982	4509936.993
219204.896	4509940.383
219205.448	4509943.754
219205.517	4509947.101
219205.587	4509950.447
219205.647	4509953.978
219205.837	4509957.331
219205.896	4509960.863
219205.836	4509964.389
219205.775	4509967.914
219205.835	4509971.446
219205.904	4509974.792
219205.964	4509978.325
219206.024	4509981.855
219206.093	4509985.202
219206.033	4509988.728
219206.092	4509992.26
219206.032	4509995.785
219205.971	4509999.311
219206.031	4510002.843
219205.98	4510006.183
219206.04	4510009.714
219205.979	4510013.24
219205.798	4510016.759
219205.736	4510020.284
219205.676	4510023.81
219205.494	4510027.33
219205.323	4510030.664
219205.513	4510034.016
219205.944	4510037.382
219206.617	4510040.759
219207.169	4510044.131
219207.73	4510047.316
219208.282	4510050.688
219209.075	4510054.071
219209.758	4510057.263
219210.44	4510060.457
219211.122	4510063.648
219211.795	4510067.026
219212.597	4510070.224
219213.391	4510073.608
219214.184	4510076.992
219215.228	4510080.204
219216.393	4510083.421
219217.558	4510086.637
219218.611	4510089.664
219219.776	4510092.88
219221.061	4510096.105
219222.356	4510099.142
219223.642	4510102.366
219224.686	4510105.577
219225.369	4510108.769
219226.05	4510111.962
219226.854	4510115.16
219227.897	4510118.371
219228.701	4510121.57
219229.494	4510124.954
219230.296	4510128.152
219231.341	4510131.363
219232.255	4510134.753
219233.299	4510137.965
219234.204	4510141.539
219235.118	4510144.929
219236.041	4510148.135
219236.965	4510151.339
219237.888	4510154.543
219238.681	4510157.927
219239.595	4510161.317
219240.278	4510164.51
219241.071	4510167.894
219241.994	4510171.098
219242.787	4510174.482
219243.701	4510177.872
219244.374	4510181.25
219245.167	4510184.634
219245.84	4510188.011
219246.643	4510191.209
219247.678	4510194.606
219248.592	4510197.996
219249.515	4510201.201
219250.429	4510204.591
219251.223	4510207.975
219252.026	4510211.173
219253.06	4510214.569
219253.984	4510217.774
219254.657	4510221.151
219255.45	4510224.535
219256.123	4510227.913
219256.916	4510231.297
219257.719	4510234.496
219258.633	4510237.886
219259.305	4510241.263
219259.978	4510244.641
219260.651	4510248.019
219261.444	4510251.402
219262.108	4510254.964
219263.012	4510258.54
219263.694	4510261.732
219264.498	4510264.931
219265.291	4510268.315
219266.074	4510271.883
219266.747	4510275.261
219267.42	4510278.639
219268.213	4510282.022
219269.137	4510285.228
219269.94	4510288.426
219270.613	4510291.804
219271.286	4510295.181
219272.079	4510298.565
219272.862	4510302.134
219273.535	4510305.512
219274.218	4510308.704
219275.011	4510312.088
219275.804	4510315.471
219276.487	4510318.663
219277.169	4510321.857
219277.841	4510325.234
219278.755	4510328.624
219279.549	4510332.008
219280.333	4510335.576
219281.256	4510338.782
219282.05	4510342.165
219283.094	4510345.376
219283.887	4510348.76
219284.56	4510352.137
219285.233	4510355.515
219286.026	4510358.899
219286.941	4510362.289
219287.734	4510365.673
219288.648	4510369.063
219289.442	4510372.446
219290.485	4510375.657
219291.53	4510378.869
219292.574	4510382.079
219293.86	4510385.302
219295.146	4510388.527
219296.542	4510391.941
219297.837	4510394.979
219299.122	4510398.203
219300.519	4510401.618
219301.945	4510404.477
219303.36	4510407.521
219304.767	4510410.751
219306.062	4510413.789
219307.478	4510416.833
219309.024	4510419.699
219310.56	4510422.75
219311.966	4510425.979
219313.493	4510429.215
219315.03	4510432.266
219316.687	4510435.323
219318.233	4510438.188
219319.899	4510441.06
219321.445	4510443.925
219323.112	4510446.797
219324.769	4510449.853
219326.677	4510452.737
219328.334	4510455.794
219329.991	4510458.851
219331.769	4510461.914
219333.426	4510464.971
219334.601	4510468.003
219335.886	4510471.226
219336.93	4510474.437
219337.965	4510477.833
219339.01	4510481.045
219339.924	4510484.435
219340.838	4510487.825
219341.752	4510491.215
219342.545	4510494.599
219343.339	4510497.982
219343.881	4510501.538
219344.433	4510504.909
219345.106	4510508.287
219345.789	4510511.48
219346.573	4510515.048
219347.236	4510518.612
219348.029	4510521.995
219348.703	4510525.373
219349.496	4510528.757
219350.289	4510532.14
219350.962	4510535.518
219351.645	4510538.71
219352.447	4510541.909
219353.25	4510545.107
219354.044	4510548.491
219354.958	4510551.881
219355.752	4510555.265
219356.425	4510558.643
219357.097	4510562.02
219357.901	4510565.218
219358.694	4510568.602
219359.608	4510571.992
219360.281	4510575.37
219361.084	4510578.569
219361.636	4510581.94
219362.309	4510585.318
219363.102	4510588.701
219364.026	4510591.906
219364.95	4510595.11
219365.743	4510598.494
219366.547	4510601.693
219367.47	4510604.898
219368.385	4510608.288
219369.428	4510611.498
219370.343	4510614.888
219371.266	4510618.094
219372.311	4510621.304
219373.365	4510624.331
219374.651	4510627.554
219375.695	4510630.764
219376.86	4510633.982
219378.025	4510637.199
219379.19	4510640.416
219380.355	4510643.634
219381.409	4510646.659
219382.574	4510649.877
219383.739	4510653.093
219385.034	4510656.132
219386.209	4510659.163
219387.374	4510662.381
219388.669	4510665.418
219389.965	4510668.457
219391.26	4510671.496
219392.675	4510674.539
219393.961	4510677.763
219395.256	4510680.801
219396.542	4510684.025
219397.708	4510687.242
219399.123	4510690.286
219400.539	4510693.33
219401.825	4510696.554
219403.241	4510699.598
219404.415	4510702.63
219405.711	4510705.669
219407.127	4510708.712
219408.542	4510711.757
219409.958	4510714.802
219411.495	4510717.852
219412.911	4510720.896
219414.327	4510723.941
219415.743	4510726.985
219417.159	4510730.03
219418.816	4510733.087
219420.362	4510735.952
219422.019	4510739.008
219423.566	4510741.874
219425.102	4510744.925
219426.639	4510747.975
219477.657	4510880.232
219478.451	4510883.616
219479.235	4510887.185
219479.908	4510890.563
219480.572	4510894.125
219481.114	4510897.681
219481.657	4510901.238
219482.2	4510904.794
219482.631	4510908.159
219483.054	4510911.71
219483.485	4510915.075
219483.917	4510918.44
219484.349	4510921.805
219484.771	4510925.356
219485.082	4510928.715
219485.755	4510932.092
219486.307	4510935.464
219486.859	4510938.835
219487.412	4510942.206
219488.094	4510945.398
219488.768	4510948.776
219489.571	4510951.974
219490.485	4510955.364
219491.288	4510958.563
219492.092	4510961.761
219492.774	4510964.953
219493.688	4510968.343
219494.492	4510971.543
219495.536	4510974.753
219496.581	4510977.964
219497.504	4510981.169
219498.428	4510984.374
219499.593	4510987.59
219500.759	4510990.808
219501.813	4510993.833
219502.978	4510997.051
219504.022	4511000.262
219505.188	4511003.478
219506.483	4511006.517
219507.648	4511009.734
219508.944	4511012.772
219510.109	4511015.989
219511.395	4511019.213
219512.69	4511022.251
219513.604	4511025.64
219514.538	4511028.66
219515.332	4511032.044
219516.376	4511035.255
219517.291	4511038.645
219518.326	4511042.041
219519.24	4511045.431
219520.034	4511048.814
219520.828	4511052.198
219521.5	4511055.576
219522.174	4511058.953
219522.847	4511062.331
219523.399	4511065.702
219523.952	4511069.073
219524.624	4511072.451
219525.047	4511076.002
219525.478	4511079.367
219526.142	4511082.93
219526.695	4511086.301
219527.367	4511089.679
219527.92	4511093.05
219528.352	4511096.415
219528.783	4511099.78
219529.215	4511103.145
219529.637	4511106.695
219530.069	4511110.06
219530.631	4511113.247
219531.183	4511116.618
219531.736	4511119.99
219532.288	4511123.361
219532.84	4511126.732
219533.393	4511130.103
219534.066	4511133.481
219534.498	4511136.846
219535.05	4511140.217
219535.602	4511143.589
219536.155	4511146.96
219536.707	4511150.331
219537.381	4511153.709
219537.933	4511157.08
219538.606	4511160.458
219539.167	4511163.643
219539.841	4511167.021
219540.384	4511170.578
219540.936	4511173.949
219541.368	4511177.314
219542.041	4511180.692
219542.714	4511184.069
219543.387	4511187.447
219544.06	4511190.824
219544.613	4511194.196
219545.165	4511197.567
219545.838	4511200.945
219546.391	4511204.316
219546.943	4511207.687
219547.496	4511211.058
219548.168	4511214.436
219548.842	4511217.814
219549.394	4511221.185
219550.188	4511224.569
219550.982	4511227.952
219551.664	4511231.144
219552.337	4511234.522
219552.769	4511237.887
219553.442	4511241.264
219554.115	4511244.642
219554.798	4511247.834
219555.461	4511251.397
219556.135	4511254.774
219556.798	4511258.338
219557.471	4511261.715
219558.145	4511265.093
219558.938	4511268.476
219559.732	4511271.86
219560.405	4511275.238
219561.069	4511278.8
219561.862	4511282.183
219562.646	4511285.753
219563.45	4511288.951
219564.244	4511292.335
219565.037	4511295.718
219565.952	4511299.108
219566.746	4511302.492
219567.409	4511306.055
219568.083	4511309.433
219568.997	4511312.823
219569.791	4511316.206
219570.826	4511319.602
219571.499	4511322.98
219572.162	4511326.543
219573.077	4511329.933
219573.871	4511333.317
219574.544	4511336.694
219575.458	4511340.084
219576.373	4511343.474
219577.287	4511346.864
219578.072	4511350.432
219578.866	4511353.816
219579.65	4511357.385
219580.444	4511360.769
219581.349	4511364.345
219582.022	4511367.722
219582.806	4511371.29
219583.6	4511374.674
219584.505	4511378.25
219585.169	4511381.813
219585.841	4511385.19
219586.505	4511388.752
219587.179	4511392.13
219587.851	4511395.507
219588.646	4511398.891
219589.309	4511402.454
219590.094	4511406.023
219590.757	4511409.585
219591.43	4511412.963
219592.094	4511416.526
219592.878	4511420.095
219593.431	4511423.467
219594.094	4511427.029
219594.637	4511430.585
219595.059	4511434.136
219595.612	4511437.507
219596.276	4511441.069
219597.19	4511444.459
219597.733	4511448.016
219598.276	4511451.573
219598.819	4511455.129
219599.492	4511458.506
219600.277	4511462.076
219600.699	4511465.627
219601.121	4511469.176
219601.794	4511472.554
219602.328	4511476.296
219602.871	4511479.852
219603.404	4511483.594
219604.078	4511486.972
219604.983	4511490.546
219605.888	4511494.122
219606.44	4511497.493
219607.103	4511501.056
219607.767	4511504.618
219608.441	4511507.996
219609.225	4511511.565
219609.889	4511515.128
219610.432	4511518.684
219610.854	4511522.235
219611.527	4511525.612
219612.19	4511529.175
219613.095	4511532.75
219613.759	4511536.313
219614.423	4511539.876
219615.086	4511543.438
219615.741	4511547.187
219616.284	4511550.742
219616.948	4511554.306
219617.491	4511557.862
219618.154	4511561.424
219618.697	4511564.981
219619.361	4511568.544
219619.783	4511572.094
219620.326	4511575.651
219620.869	4511579.208
219621.292	4511582.757
219621.955	4511586.32
219622.619	4511589.884
219623.162	4511593.439
219623.584	4511596.99
219624.016	4511600.355
219624.438	4511603.906
219624.972	4511607.647
219625.394	4511611.198
219625.937	4511614.754
219626.36	4511618.304
219626.782	4511621.855
219627.195	4511625.59
219627.617	4511629.141
219628.04	4511632.69
219628.462	4511636.241
219628.995	4511639.983
219629.418	4511643.533
219629.831	4511647.268
219630.011	4511650.807
219630.313	4511654.351
219630.494	4511657.888
219630.786	4511661.618
219631.088	4511665.162
219631.38	4511668.892
219631.552	4511672.615
219631.853	4511676.159
219632.145	4511679.888
219632.336	4511683.241
219632.628	4511686.97
219632.93	4511690.514
219633.101	4511694.237
219633.272	4511697.961
219633.453	4511701.498
219633.634	4511705.036
219633.806	4511708.759
219634.108	4511712.303
219634.4	4511716.032
219634.701	4511719.577
219634.753	4511723.293
219634.934	4511726.832
219635.105	4511730.554
219635.277	4511734.278
219635.578	4511737.822
219635.749	4511741.546
219636.042	4511745.274
219636.223	4511748.813
219636.404	4511752.35
219636.706	4511755.894
219636.887	4511759.433
219636.937	4511763.149
219636.988	4511766.866
219637.29	4511770.41
219637.702	4511774.145
219637.763	4511777.677
219637.814	4511781.394
219637.985	4511785.118
219638.287	4511788.661
219638.588	4511792.206
219638.76	4511795.928
219638.941	4511799.467
219639.002	4511802.999
219639.173	4511806.722
219639.354	4511810.26
219639.405	4511813.976
219639.586	4511817.515
219639.888	4511821.058
219639.948	4511824.59
219640.25	4511828.135
219640.431	4511831.672
219640.602	4511835.396
219640.774	4511839.118
219640.955	4511842.657
219641.377	4511846.206
219641.679	4511849.751
219641.971	4511853.48
219642.152	4511857.018
219642.454	4511860.562
219642.876	4511864.112
219643.299	4511867.663
219643.721	4511871.213
219644.143	4511874.763
219644.445	4511878.307
219644.747	4511881.852
219645.28	4511885.593
219645.703	4511889.144
219646.115	4511892.879
219646.658	4511896.436
219647.081	4511899.986
219647.382	4511903.53
219647.684	4511907.074
219648.097	4511910.81
219648.51	4511914.545
219648.812	4511918.089
219649.225	4511921.824
219649.647	4511925.375
219650.069	4511928.926
219650.492	4511932.475
219651.035	4511936.032
219651.458	4511939.583
219652.001	4511943.139
219652.423	4511946.689
219652.715	4511950.418
219653.137	4511953.969
219653.551	4511957.704
219654.084	4511961.447
219654.395	4511964.806
219654.818	4511968.355
219655.361	4511971.912
219655.895	4511975.653
219656.438	4511979.21
219656.981	4511982.767
219657.524	4511986.323
219657.937	4511990.059
219658.48	4511993.615
219659.023	4511997.172
219659.576	4512000.543
219660.119	4512004.1
219660.541	4512007.65
219661.084	4512011.207
219661.627	4512014.763
219662.161	4512018.505
219662.704	4512022.062
219663.368	4512025.624
219663.901	4512029.366
219664.445	4512032.922
219665.109	4512036.485
219665.772	4512040.048
219666.315	4512043.604
219666.979	4512047.167
219667.643	4512050.73
219668.186	4512054.286
219668.85	4512057.849
219669.635	4512061.418
219670.428	4512064.802
219671.083	4512068.55
219671.746	4512072.113
219672.42	4512075.49
219673.084	4512079.052
219673.747	4512082.615
219674.411	4512086.178
219674.955	4512089.734
219675.739	4512093.303
219676.524	4512096.873
219677.178	4512100.62
219677.842	4512104.183
219678.626	4512107.752
219679.411	4512111.321
219680.084	4512114.698
219680.748	4512118.261
219681.542	4512121.645
219682.327	4512125.213
219682.99	4512128.776
219683.775	4512132.346
219684.69	4512135.736
219685.595	4512139.31
219686.5	4512142.886
219687.285	4512146.455
219688.069	4512150.023
219688.854	4512153.592
219689.517	4512157.155
219690.181	4512160.717
219690.846	4512164.28
219691.63	4512167.85
219692.294	4512171.412
219692.957	4512174.975
219693.612	4512178.722
219694.276	4512182.285
219694.939	4512185.849
219695.604	4512189.411
219696.268	4512192.974
219697.052	4512196.543
219697.707	4512200.291
219698.37	4512203.854
219698.904	4512207.595
219699.326	4512211.146
219699.87	4512214.701
219700.413	4512218.258
219701.067	4512222.006
219701.61	4512225.563
219701.902	4512229.292
219702.195	4512233.022
219702.367	4512236.745
219702.417	4512240.461
219702.468	4512244.179
219702.519	4512247.895
219702.449	4512251.606
219702.5	4512255.323
219702.3	4512259.213
219702.23	4512262.923
219702.281	4512266.64
219702.342	4512270.172
219702.513	4512273.895
219702.694	4512277.433
219702.875	4512280.971
219703.168	4512284.7
219703.46	4512288.429
219703.883	4512291.98
219704.305	4512295.53
219704.607	4512299.074
219705.029	4512302.624
219705.563	4512306.366
219705.985	4512309.916
219706.287	4512313.461
219706.7	4512317.196
219707.243	4512320.753
219707.907	4512324.315
219708.572	4512327.878
219709.115	4512331.435
219709.778	4512334.997
219710.442	4512338.56
219710.995	4512341.931
219711.529	4512345.673
219712.193	4512349.236
219712.987	4512352.619
219713.771	4512356.189
219714.556	4512359.757
219715.341	4512363.326
219716.135	4512366.71
219717.04	4512370.285
219717.825	4512373.854
219718.609	4512377.423
219719.515	4512380.998
219720.541	4512384.579
219721.456	4512387.969
219722.361	4512391.544
219723.396	4512394.94
219724.432	4512398.337
219725.578	4512401.924
219726.605	4512405.505
219727.631	4512409.087
219728.666	4512412.483
219729.823	4512415.885
219730.728	4512419.461
219731.633	4512423.035
219732.659	4512426.617
219733.685	4512430.198
219734.6	4512433.588
219735.626	4512437.169
219736.541	4512440.559
219737.567	4512444.14
219739.148	4512448.679
219739.981	4512451.321
219740.515	4512455.064
219740.696	4512458.601
219740.747	4512462.319
219740.909	4512466.227
219740.96	4512469.944
219740.76	4512473.833
219740.56	4512477.723
219740.369	4512481.427
219740.169	4512485.317
219739.969	4512489.207
219739.741	4512493.652
219739.468	4512496.61
219739.157	4512500.308
219739.078	4512504.204
219738.766	4512507.903
219738.335	4512511.594
219738.023	4512515.292
219737.944	4512519.188
219737.763	4512522.708
219737.693	4512526.418
219737.633	4512529.944
219737.583	4512533.284
219737.764	4512536.823
219737.824	4512540.353
219737.884	4512543.886
219737.936	4512547.602
219738.237	4512551.147
219738.418	4512554.685
219738.711	4512558.414
219738.892	4512561.952
219739.194	4512565.495
219739.496	4512569.04
219739.919	4512572.591
219740.341	4512576.14
219740.884	4512579.697
219741.307	4512583.248
219741.961	4512586.995
219742.264	4512590.54
219742.686	4512594.089
219743.108	4512597.64
219743.763	4512601.387
219744.306	4512604.944
219744.85	4512608.501
219745.514	4512612.063
219746.057	4512615.62
219746.721	4512619.183
219747.385	4512622.745
219747.928	4512626.302
219748.341	4512630.037
219748.875	4512633.78
219749.298	4512637.329
219749.59	4512641.059
219750.133	4512644.615
219750.426	4512648.345
219750.597	4512652.068
219750.518	4512655.964
219750.569	4512659.68
219750.49	4512663.576
219750.42	4512667.288
219750.229	4512670.992
219750.16	4512674.702
219750.341	4512678.24
219750.763	4512681.791
219751.307	4512685.347
219751.73	4512688.897
219752.273	4512692.454
219752.937	4512696.016
219753.842	4512699.592
219754.637	4512702.975
219755.421	4512706.545
219756.327	4512710.119
219757.362	4512713.515
219758.147	4512717.084
219759.062	4512720.474
219759.967	4512724.05
219760.873	4512727.624
219761.657	4512731.193
219762.452	4512734.577
219763.236	4512738.146
219764.142	4512741.721
219764.806	4512745.284
219765.47	4512748.847
219766.134	4512752.409
219766.798	4512755.972
219767.342	4512759.529
219768.005	4512763.091
219768.66	4512766.839
219769.203	4512770.395
219769.616	4512774.131
219770.039	4512777.681
219770.573	4512781.424
219771.107	4512785.165
219771.65	4512788.722
219772.063	4512792.457
219772.476	4512796.192
219772.768	4512799.922
219773.191	4512803.472
219773.484	4512807.202
219773.776	4512810.931
219774.078	4512814.475
219774.249	4512818.198
219774.412	4512822.106
219774.583	4512825.829
219774.876	4512829.559
219775.057	4512833.096
219775.229	4512836.82
219775.401	4512840.543
219775.451	4512844.259
219775.503	4512847.977
219775.804	4512851.52
219775.976	4512855.244
219776.148	4512858.967
219776.319	4512862.69
219776.371	4512866.407
219776.552	4512869.944
219776.724	4512873.668
219776.896	4512877.391
219777.077	4512880.929
219777.258	4512884.466
219777.55	4512888.196
219777.843	4512891.925
219778.024	4512895.464
219778.317	4512899.193
219778.488	4512902.915
219778.911	4512906.466
219779.203	4512910.195
219779.495	4512913.925
219779.677	4512917.462
219779.969	4512921.192
219780.272	4512924.736
219780.563	4512928.466
219780.866	4512932.009
219781.047	4512935.547
219781.34	4512939.276
219781.641	4512942.821
219782.055	4512946.556
219782.468	4512950.292
219782.77	4512953.835
219783.071	4512957.38
219783.364	4512961.109
219783.777	4512964.845
219784.079	4512968.388
219784.502	4512971.939
219784.794	4512975.668
219785.096	4512979.212
219785.268	4512982.935
219785.57	4512986.48
219785.862	4512990.209
219786.275	4512993.945
219786.457	4512997.482
219786.628	4513001.206
219786.8	4513004.929
219786.981	4513008.467
219787.274	4513012.196
219787.567	4513015.925
219787.868	4513019.469
219788.04	4513023.192
219788.212	4513026.916
219788.273	4513030.447
219788.202	4513034.158
219788.133	4513037.868
219788.314	4513041.407
219788.245	4513045.117
219788.296	4513048.834
219788.356	4513052.366
219788.287	4513056.076
219788.337	4513059.794
219788.389	4513063.51
219788.328	4513067.036
219788.259	4513070.746
219788.199	4513074.272
