0
0
0
0
0
0
0
0
0
0
0
0
0
0
0
0
0
0
0
0
0
0
0
0
0
0
0
0
0
0
0
0
0
6.76940309652e+30
-3.95011954475e+28
1.3538188432e+31
16447242240
-1.75352839879e+35
-7.42888887155e+35
-4.75310663158e+35
-1.39604459127e+35
-1.29222400711e+35
-3.06463137762e-18
-3.60355030004e-20
-6.89232735773e-21
-2.14079512408e-20
7247136
-65507.2460938
-4.57337174688e-22
-20948352
-1.75340651121e+34
-7.22035021192e-22
2.62748761323e-24
4.73490342141e+29
-1.2883616339e+20
4839.78173828
-0.00129253428895
-0.00220347964205
-1.18532101805e-23
5.68418552447e+33
-6.16238602869e+27
-1.37895015284e-36
2.48484547245e+30
-2.09100253965e+35
31607682
-434606.03125
-1.28150943568e+32
2.19484847682e+35
64262400
-1.580858297e+24
-1.10053659482e-24
-2.01789717816e-17
-21215447040
-7.22151887515e-19
2.77819760899e+32
6.23301304445e+35
8.64329052774e-10
-260172816
-1070018624
-47.9909667969
-3.43769091118e-32
-4.46904080527e+22
2008600
-4.31905749577e+27
9.94318725134e-08
485786
0.416707992554
-1.2190287841e-33
-7.10434971857e+33
-1.37119722806e-37
1.87030457015e+35
-3.47088717266e-16
-6.6691436895e-33
2.3178527206e-17
5.24971995554e-17
4.44161992223e+35
2.78514562524e-07
-1.44801826588e+35
394.556640625
-1.34998880942e+26
-7.81132466869e+19
4.74501080788e-14
-6.51650905413e-36
13225623552
-1.38823289632e-15
-6.50974532293e-17
1.22371710158e-16
-2.20504844611e-19
1.45482133132e+30
1.74906893185e-15
-2.56975233293e-36
16590400
-6.26305071648e-24
2.14440154883e-17
2.34757751683e+36
2.64520525118e+28
6.2924058325e-14
0.000875163823366
-1.84323345848e-23
198312960
426.552734375
5.48934502831e-22
-5505778176
-1.06215909295e-15
NaN
-5.29810483163e+31
-3.82650711582e+28
-2.00542320904e-36
-1.41409943692e-24
1.26942857459e-29
1.36567960571e+34
6.43364601642e-29
24277376
2.76264107639e+14
-5.3284284948e+22
-5.99073978113e-19
-8.61007129728e-21
-204991
-0.000215760432184
-10611.9375
7.34655648378e+25
1.08478959997e-19
-5.58159276339e+23
2.88003113467e-18
-596.332092285
-2.94088388331e+23
5835680.5
4.72514126319e+21
-4.69472564016e+22
-0.000410789623857
-5.32809483551e+13
-9.7791010851e+17
6.37484978396e-18
3.57634906522e+12
6.32348928775e-08
-3.17057508384e+32
-6.293367768e-31
-0.00158099096734
2.13544135495e+24
4.70703056198e-29
2.10583507965e-07
-3.29543228484e+34
2.08794787231e+29
-7.6856483146e-14
-46.5300292969
-343308288
5.825516904e-22
-1.84648524737e-06
-331800903680
1.87704967505e+31
-0.483400344849
7.46230262525e-34
1.14289741321e-35
0.000388981774449
-20244987904
-6.16448596687e-21
-4.86829950958e-31
-1.10702603667e-31
-1.2817525483e-20
4.91220107264e+12
-7.5664442537e+21
-3.22196730288e-14
-1.94467428135e-22
3.54380969014e-11
10.8220825195
-1.03961308134e-33
-9.41952379304e-38
3.49581132117e+15
3.40202260719e-22
1.69128044902e-11
3.76347763686e-34
-3.41395229952e-06
-260.298828125
-1.28633383636e-38
1.2433150553e+38
400579100672
2.96161684586e-12
-1.23500853988e-08
6.58292958973e+21
-9.1426590762e-29
8.23428131236e-13
1.49276105114e+12
6.17108131477e-34
-0.209872245789
4.56615270447e-35
1.12237493941e+23
1.30026238259e+26
-2.3793324895e-16
-8.64510751922e-37
-6396542976
-2.93863444466e+32
-34048966656
-12522177
-1351835776
6.07770049291e+35
-1.86737865998e+25
-1.68721477085e+28
-4.31723240646e+17
-1.11071848887e+31
-5.16250440035e+19
-3.76413466244e-35
1.03852112316e-19
0.000606868416071
-43408640
-55871.25
-3.01821746298e+38
-1.4366174434e-30
-1.01964788531e+12
1.50861370564
-0.0549652613699
-7.59067288192e-14
-8.57412503674e+28
-2.98373511736e-30
-8.26869628569e+22
3.33272939682e-14
-2.10418882509e-17
1.43118091118e+21
1.38887597529e+32
3.74171141931e+14
-1.5612263098e+38
-3.22136014966e-14
2.79409998888e-21
-3.02733214943e-19
2.64116587121e+34
2.15742516518
9.24961717416e+30
-1.00756642822e-27
-2.81898517569e-24
7.39072694125e-19
5.37643618086e+35
1.30285625346e-05
-0.801456511021
-7.40792981588e+26
1.83736474993e-38
5.48885481337e-15
-5.63481941439e-36
-1.02711093213e+28
-9.25620694117e-40
-9.15502822458e-20
2.18974971666e+26
-2.79163871924e-13
-9.0885800037e+20
1.69436935938e+22
1.12652642745e+26
24345968640
5.68420422371e-21
2.32953240031e-10
-8.44609412561e+26
2.73145644022e+37
0.000590797513723
-5.83800143127e+32
1.03789059811e+18
1.33721024251e+23
-1.06774326489e-28
1.46615943588e-36
9.53915672415e+15
2.43556037149e+32
1.05544392489e+37
1.32543154828e+32
1.3341644899e+29
4.12150889209e+30
-2.96150965335e+27
-4.26065259363e+20
5.25343170784e-30
-8.32258459704e+29
0.057103395462
-3.5127281639e-10
-0.015754820779
3.06269481264e-31
0.116741657257
-5.4755307463e-36
1.16936366588e+38
-1.25878413324e-16
1.29324156589e-16
-5.56127463813e-18
-7.62888919604e+27
6480691712
-3.54359575537e-12
5.27377397418e+26
2.03095644097e-16
-1.17042355735e-24
2.75771913039e-06
-2.21671677259e+21
14488109056
7.70849757434e-32
9.53526089746e-22
4.53369295059e+33
-3.73932433545e-27
-8.61791357933e+24
-1.08852436377e+28
2.1592276992e+13
-1285873664
-4.56839164857e+18
-0.9612236619
-99.5405349731
3.80770529701e+29
-6.60301620239e-13
4.89687379068e-26
-0.748676300049
-7.76135323113e-30
1.65931945625e-26
4.05565034194e+36
1.01356789628e-09
-1.36898727117e+13
206021
-1.10108184814
2.51329255497e+38
-7.62002715883e+23
-5.36681227195e-28
1.55509161067e-15
2.22788366955e-06
-3.46875605776e-37
-8.87858594419e-30
7.16563035673e+25
-8.58216253619e-09
-4.20785360008e+37
-6.58081651087e-24
968829698048
2.27935297694e+21
-10745218048
1715.5703125
0.000381754740374
-5.50941704639e-14
-13483.4375
2.73883373663e-13
5.12100832659e-13
7.97365338768e-38
-2986128.25
3236.20336914
1.82952721908e+15
6447399424
6.71420892218e-08
3.25474045298e+34
-0.0235744733363
-5.53441164864e-35
26476675072
3.31701841105e-07
7.24150645166e-23
8.4957309402e+34
3.08862463702e-27
-1.92404454316e+38
4.45382972484e+31
-9.15502822458e-20
5.40485912011e+24
9.39391455999e+30
3.84879343813e-21
325102600192
-6.38870239258
5.2548501973e+24
-5.15587517125e-10
5.2073806448e-23
-1.48174860104e-36
-2.62662351009e-27
-3.61525124305e-35
-3.05844158841e+37
-2.46137885819e+13
1.02434351534e+17
-0.426893234253
6.00365587823e-39
1.3203640763e+27
-1.35639362175e+15
1.95977771758e-23
-2.05062355985e-12
5.12133164813e+18
-2.49675497291e-14
-214569058304
-1.24876156344e+24
-1.41622633685e-32
1.45697496014e+32
0.5221747756
-35761408
123334144
4.46455064006e-38
5.08019430934e-30
7.91281671267e-33
1.97271475497e-28
1.63540598567e+30
-7.79025924658e-07
2.19969670642e+16
2.50216531522e-11
5.43204281122e+30
-5.16269026391e+24
7.93473061683e+21
3.07573964064e+31
4.03396385184e-38
3.54131663749e-38
-5.2915006496e+25
2.10126639599e-17
-2.91026545433e-24
2.90069286595e+37
-1.95488660203e-31
1241864
-2.74663188827e-31
9.59671760862e+27
1.04203119237e+30
-9.62534199597e+36
3.30117873978e-29
877.91015625
-5.79142751061e-21
-1.88156447492e-21
1.95970477003e-20
-5538.71923828
1.45723338012e+33
1.39668133718e-33
-3.71151308641e-18
8.88857876191e-11
-1.28318844127e-31
5.63085127614e-24
-3.24914466294e+38
-90867.5
6.66133814775e-09
-7.9162021364e-33
-3.39126504656e-11
201489408
9.34987401706e-05
-7.76065254357e+34
2.47629500238e-10
3.19015682403e+35
-2.10156394792e-22
-1.39705749537e-33
-1.02415384959e+19
1.34070770074e+13
1.16914186776e-07
8.69164253815e-35
-2.09443239269e-38
-1.71475681712e+20
-1.71848151053e+38
6.90014369193e+23
-2.63573774404e-34
6.25652351108e-12
2.73991268384e+35
3.30818403018e+24
25.1446552277
72.0473709106
4066671.75
-111184191488
4.52709554951e-26
2.26542817988e-21
-8.41359686551e+24
-3.96087064841e+15
-18.0313739777
13897.5634766
-3.59106212601e-31
-57729796
2.8109286502e-26
-6.27865295823e+29
5.66509754663e-07
-6.04732289917e+24
3045.953125
-2.29994139289e-08
2.19451019974e-35
2.65571915404e+16
-9.49256202849e-29
2.52758922642e-25
-4.12267544311e-23
422674
-23229056
-1.16000958839e-12
-1.1543872091e+27
-3.19922037306e-07
1.04209594437e+34
3.05274046199e-35
-1.04454299802e-19
-3.8021205388e+36
-2361114624
-1.46253296407e-06
1250566272
2.97663200756e+20
-1.03973007981e-09
-3.54359599442e-08
4.50741577148
7.5212942078e+27
-7.47307762662e-38
3.10556570719e+33
3.69751433027e-07
2.11264839027e-25
6466.28125
8.43966613361e-22
-2.35563882906e+12
-5538.96923828
-848486727680
5.13613530324e-26
-3.64352059788e+31
-1.23741494917e-06
358586.03125
1384.53918457
3.01570269695e+15
-5.70766133023e-07
4.9044217576e-09
1.8422329634e-13
-4.14799557672e+17
-7.61394278768e+17
7.78822197844e-07
-1.95946299249e+34
-2.97715479385e+23
-4.86552539173e+26
-7.18107448814e+19
264700928
-51.2834510803
-53.2766151428
-16403520
8.23705162342e+36
8.53945874206e-26
-14213.5634766
8729199616
1.69293635387e+14
3.01847273003e-21
-1.60885020732e+31
5768.21875
-0.00011830450967
-3761946624
8.06135602716e-10
-6.14679783694e+30
-1.03265307416e-09
0.992588102818
-8.47506171191e+27
-1.94889535535e+17
6.28512924451e+23
10100673
-1.94973890666e-26
1.95399466471e+35
-9.89131476443e-33
-7.36979435811e-11
1.5203914927e-06
1.7314668033e-38
7.09076248009e-31
2.70227610599e-06
9.09074844482e-13
-4.32027012537e-30
4.11070287053e+12
1.24308563443e-10
6.21156960829e+13
5.80257192584e+28
-3.62299079626e-11
0.00143993645906
-4.86850011368e+26
-1.7846868645e-27
656974807040
3.52829716225e-36
-8.312936714e+34
-5.52212535181e+15
-1.02344741337e+18
-650694720
1.20128129814e+21
233279864832
-1.20258763364e+25
18465918
-6.51823069266e+13
-1.7234982459e-33
0.0307792443782
-8.48312459139e-38
-7.95939196351e-23
1.64192256496e-24
4.89303254347e-35
1.3297034199e+12
-1.02119289913e+15
2.01391476384e-38
-0.104825496674
6.15934714411e-39
1.40282917264e-33
2.37950176706e+18
-1.34100196225e-13
29.9193115234
-9.26851611952e+21
0.000218917615712
-1.48166305382e+13
-1.537837005e-30
-1.50224835856e+35
-6.2102405076e+22
-1.48060036453e-12
1.17322059186e-14
-365283328
-7.24142788056e+27
-4.28233047104e+25
-5.61642155328e+34
1.49184348456e-30
0.225157737732
7.7363896539e-14
1.09079412169e-10
3.214814015e-08
-3.98731600626e-07
2.41377890789e-32
1.74178806123e+27
-1.12690969234e+35
27009922
5.4040052838e+36
-1.58464690259e-08
-49694904320
1.06429887381e-36
-16.0631103516
-4.39490225145e+17
1.54172054845e+28
-1.22919690208e-33
-7.65614990978e-29
-2.52301882736e-38
-2049.10961914
-9.509257734e-17
3.03611231621e-23
6.4612441303e-25
-2.21085905842e+19
-4.98905995951e+19
2.24504963842e+23
4.12534203429e-18
-0.0050110523589
24719001600
-2.69866745839e-06
6.63363647461
-1.23596272106e-12
8.81007089336e+36
-4.95400913696e+29
3.55172835587e-12
2.55726700666e-15
1.5475507098e-07
-3.13797582817e-19
1.19419474309e-11
1.78972378584e-10
-2.01277866378e+26
-2.13125672468e+13
1.18017947574e-16
-1.02119289913e+15
-2.19658217062e+12
2.43087649538e+14
9.78124841508e+23
2.881671775e-36
-8.00860691071
-2097979520
1.66833091272e+25
-1.11367372994e-29
-7.76204633787e-35
1.58863597246e+18
-9.94526765924e-37
1.38880203869e+22
8.54582690736e+33
-9.66091383638e+29
1.93557346891e+28
-26.6507587433
-7.1023198208e+13
1.87846671681e+23
-5.37226658987e+18
9.84821290251e+28
-6.72581007047e-28
82492.5078125
-1.74317560748e-19
-2.88672197257e-09
7.3251189836e-11
140.120132446
5378400.5
-1183834240
-9.32079586557e-20
1.7825612363e+17
-4.1566623766e-30
4.61710936224e-16
3180112.25
-1.51542194897e-28
-0.0184446591884
-422074.03125
2.14962509598e-11
476211232
-1896.53918457
2.72495757588e+34
-2.65219215841e+23
2314448
60701802496
-2.46365819282e-19
124855517184
-1.90407986917e-37
3.70844957797e-32
-2.70420621659e-14
-1.06294351099e-08
2.31188683991e+21
-7.47811514016e-31
470294
-4.85368424224e+23
-0.00324259698391
-31393664
1.3115163816e+36
1.95967374272e-13
6.55989594975e+27
-1.06657398895e+21
-7.17779229475e+14
3.10506015431e-15
-84.0356521606
-2.28641603584e+12
-5.25608312075e+22
1.09471907095e-08
-2.18191716746e-18
-832791642112
-0.0411961078644
-9.63717288578e-31
-7447264
0.215723991394
-1.0691250919e-15
-3.61536011117e+36
-0.0182679891586
-3.1745929962e+34
0.079393863678
-1.30301367696e-36
0.000821236521006
2.24914488076e-14
-4.67595157297e+34
244839.015625
-490887200
4.3899376065e-37
-9.81949010081e+22
5.30281596411e-10
4323104
-1.43640569702e-21
-2.52692179324e-17
2.6269932585e+12
1.70938702646e-15
6.96165129692e-19
1.08362679749e+29
-8.05979872559e+15
-1.83546754184e-13
1.25368992486e+30
1.35523606693e+29
4.56530529692e+33
4354.78173828
3.99630415565e-14
-1122.6640625
1.72039990854e-38
-4.45850374713e-30
-3.42616515286e-25
5.67157914645e+29
8.1035840193e+35
4.77096164513e-38
-8.87394191268e-21
-4.4942297476e-30
-8364831.5
-139805589504
NaN
2.6895168392e+24
-0.633068144321
2.96438042357e+23
3.8929827108e+24
-2.76483827276e-21
7.84866616144e-12
-4.56547363255e-26
-78398.5078125
-7.67910109171e-35
-45.5354042053
1.2789177518e-28
3.11961380509e-25
1.57519656989e+15
580.285217285
-1.60099930373e+38
4.20086416153e-33
1.57987201214
-2.87941057716e-15
-7.52857691476e+35
2.3791440634e-23
-3.52216888115e+13
-114971648000
-0.433851271868
21753628672
-5.52959333024e+36
1088331776
-4.31125473451e+35
-3.13746313892e-28
3.32271358383e+19
-2.34496837948e-06
-22.4132080078
-1.83214715416e-19
69192.5
-1.26797742499e+16
-1.35224901601e-20
-5.06222982162e-29
-2.23787069659e-33
50883461120
1.25653331839e+30
-4.7824187277e-08
-6.50319883997e+29
-3.28807707914e+24
0.640987455845
270486.03125
1.71423598387e+34
6.43117179014e+35
1.8053730118e-15
1488.75793457
6653.15625
-6.4638652295e+30
-0.00349538051523
-2209.67211914
-0.386899977922
-7.27569289706e-34
-1.6212101106e-12
5.98899212569e-30
9.18342948935e+36
8.95539408312e-35
9.98111190712e-27
919596957696
-9.7545806201e+22
126594560
3.03024713391e-18
-2.78736515065e-37
-1.41651242648e+14
-6.77995853904e-13
-3415.796875
-28822.625
-1.52486324527e+35
1.65208704752e-15
1.61051675992e+32
-1.6895824171e-30
6.20095947463e-26
5.93797240501e-35
1.18570255836e-08
-8.27910844935e-36
3.16804986467e-25
-6.16861015474e+34
-4.96233216508e+32
2.92977023742e-26
2.94759713054e+32
-1.09235191729e+15
49966481408
-1.5946338925e+32
-3.67008185259e+19
-1.8163734195e-29
-4.14213276675e-21
0.00689902948216
3.13191698601e-33
5.19661541236e+33
1.67960277305e-13
-5.85739628708e+13
2.73398404098e+18
1.10646119753e-29
4.84477016899e+20
-2.55626322924e+36
-24082.8769531
-7.64074434568e+18
3.99752108277e-25
1.56193563688e-15
4.47171096877e-15
-7.10768304022e-13
3.97010808229e-07
1.67038090116e-17
-1.02965673602e-33
-4.29850609168e-20
-2.69342356591e-24
-2.15182943766e-38
-0.0946679115295
-3.53922469779e-25
5.97985014454e-25
1.87313924747e-17
-2.68364385706e+23
-2.94614850821e-20
-5.45371347711e+25
-210687
-0.000652592687402
-300838584320
-7.37158536777e+30
1.42667856536e+25
-2.26193090388e+26
-9.74493649026e-29
2.44503540261e+23
-2.29630700233e-06
-9.9879338173e-31
-7860289536
1.96750378217e+22
-7.68528031669e+32
702764
4.32610375886e+21
6490259456
-5.13121971372e-27
-7.70527923802e+31
-55.3063964844
72691200
3.08131960701e+32
-7.25395680836e-16
-1.25786377901e-18
5.7075072096e-36
-7.61840168287e-29
-1369.75793457
-1.85635261743e-33
-4164.65673828
-2986.890625
-4.55534080806e+31
1.9254695231e+27
-3.29266804329e-05
5.35232821048e-30
48087437312
-1.4452406503e+34
58903.7539062
1.38319950891e-17
4.45854738148e-29
-7.4478635728e+37
4.89274304642e-36
1.12182988232e-07
1.94310532745e-31
1.08213541209e-15
2.50603384615e-13
7.01617955989e-19
7.9442868549e-23
-1485332608
-3.04209511314e-15
-13.3794565201
-2.04446936404e-14
-3.28637170266e+35
-2.24821679462e-27
-8.80654056623e-14
-9.4543924989e+35
-2.76544601914e+36
-1.14965188526e-20
1.22118928402e+31
7.70781123257e-33
-1.18291541631e-27
-6.30460933734e+13
3.15132402026e+16
-9.14297172889e-23
-2.12431144044e+17
4.30345286658e-26
NaN
481310720
1.17217334945e-26
-545092.0625
4.90964160389e-18
-4.27164365978e-19
9002091520
8.11642364429e-10
-1.47459673749e+20
1.54334856006e-09
2.18144429976e+36
-6.69241242301e-25
-3.67434077435e+25
-73287.5078125
1.8286115023e+36
-2.71146766064e-15
6.63809412348e-24
-1.53057498316e-15
-2.05329710829e-31
8.06927922435e-19
8796.6875
0.011942088604
1.14145914942e-11
-2.00093934094e-35
-2.67605064437e-05
-33.2824668884
8.21506153551e-19
-3860368
2.57444017615e-17
1.2937414245e+33
-4.9866444825e-36
4.18887816489e-22
-1.24391206803e+38
-5.6346105453e+14
-1.27673569858e-37
3.43215105477e+19
-6.2274222528e-30
-3.91166893287e+34
-1.25984830982e+35
0.00103092950303
-4.93167692025e-35
2.78214092069e-29
-1.35227784571e+21
7.41398980743e-34
-60972859392
2.66056225106e-17
5.99692713447e-36
6.44336538675e-20
772.621154785
20.1390399933
-3.12522388413e-07
1.33543346813e-18
-1.98273138688e+13
80829952
-3.03596937087e-15
-261069824
1.81930275895e-28
-1.27557232626e-16
-2.3208217654e+25
-2.54545617734e+30
-4.08692177323e-13
1.75117310397e+36
9.7684897107e-32
-2.03310681732e-32
-5.62718742745e-22
0.000931192247663
4.02536437461e+27
8.58893456357e-10
-3.80622969161e+37
-19874318336
1.27539359734e-20
9.97389720552e+31
-1.10058188766e+30
1.03574026117e+35
-4.41255263792e-26
7.42365519198e-22
-2.73796265262e-25
9.24017014423e+31
962404089856
-996.402404785
-1.09463155507e+14
-1.18720803448e-31
12.379822731
-6.55109153692e+35
4154960
0.271623641253
7.85288546739e-17
4.33446694336e+20
-3.74013786627e+26
2.92486204348e-27
235.071304321
8.42099429092e-36
-4.91669789082e+12
-217130000
6.19213881559e-14
1.23400315994e+14
3.03086307058e-26
128907223040
-1.03317428194e-14
-9.86672060142e-31
3.44314454606e-14
1.10427803982e-22
-9.432453451e+22
-5.07093199007e+35
-1.80824973051e-13
5.4024022067e-23
1.34529727802e-07
-4556832
-1.40094208014e+33
9.95621737595e+13
-6.35548253482e-27
1.62019546048e-18
-5.2939578712e+24
1.72691546614e-20
1.26346427771e-26
-3.44973315464e+33
-28984194
-367245344
5.27212279909e-15
-4.95074214058e-19
0.0330212116241
0.513126373291
5.91193302404e-36
-3.26227510897e-26
-9.03499312699e-05
-1.17759830892e-28
-2.2764618595e+17
1.34929791784e-08
-3.78184112007e-35
-1.03415755295e+29
261966790656
3.0751632794e-15
-1.04721181101e+15
1.57499453823e+23
2.37014644059e+27
1.2435616894e+38
4.29634202176e-17
-1.68913194637e+35
-4.83959095951e+14
-5.540675584e+12
1.68856162989e+22
-1.14906401372e+26
-2.0554632262e+23
1.35521064345e+19
2.61723047739e-20
-1.85111639084e-17
22947970
1.02405733971e+38
-8.63886110022e+19
-4.89566742701e-09
-866488680448
1.8340620386e+38
-21077888
-1.13479285893e-33
-1.14223864963e+18
3323117824
12.7562875748
7.08013876544e-15
-656551936
-1.31091837829e-07
4.80909035298e+33
-85.5551834106
-0.00433555291966
1.79128953002e+25
1.17222766743e+30
0.00105264037848
1.74038397026e+17
1.12865012475e-13
1653.1640625
-9.95302460552e+36
-9.26282025284e-31
0.000206083990633
-5213856
0.0226293802261
-7.76877247967e+24
5.81046543793e-25
-35062.25
4.14146197451e-29
-2.28967110161e-06
-57.0202636719
-1.10607276647e-13
-16399.3769531
-3.9147573533e-38
8.87279950234e+12
-1.72161442103e-18
1.10015723554e+33
1.01027005678e+21
-7.8807605025e-26
4.34974750663e-10
-1.57165082679e+19
1.62806120841e+14
-1.13608199435e+29
-3.32665141875e+20
2.19514348105e-15
-0.021781085059
-2.62946011601e-30
-2.55128694102e-38
1.51337693208e-15
-1.83824013469e-30
0.0186933297664
4.0413798934e-18
-0.056027173996
1.52167009345e+30
3.2129682293e-18
-9.73926589123e-20
-2.27643986926e+17
5.29733276367
-4.50986983441e+35
-2.22170892794e-12
-4.03164168716e-11
1.2323310485e+26
1.44322081482e+15
-3.1896499365e+23
-8.54716693544e+28
8.30798171686e-14
-1.85113999117e+24
-3.45004082192e-06
5.67429099373e+30
28081536
8.83313980077e-37
5.16970098659e+34
882343149568
0.243987083435
209.096694946
-1.2273706963e-18
-864612416
-2.29571177407e+16
9.84107939241e+32
-0.000308101996779
53516032
-4.59618730252e+18
-5.21175991588e-34
-1.0280032825e+38
1.87100482979e-30
1.04741574651e+21
1.18949854631e+37
-4.72042005484e-09
1.1129628268e-32
-0.293115645647
8.58256754191e-21
3.70710322113e-17
1.43031449651e-18
30943618
-4.93159336328e+22
1.43316158133e+26
-27669890
0.000767078308854
-1.6003551344e+37
109092352
-12102.5625
1.17932986342e+25
6.52902934587e+36
1.85492068164e-32
44582572032
3.54976845449e-21
-3.68979318488e-29
149771264
1.5220410886e+32
-1.34632568251e-36
1.79702794876e-35
1.45658167843e+30
-3.82368276332e-27
-2.47620840008e+36
4.32920959386e+12
-2.98025601977e+29
7.55320250789e-11
-1.53731580021e-28
966972.0625
3.67612589343e+36
77.7006835938
6.26411405554e-20
-4.79952882992e-13
-1.85874320054e+35
-7.98610244601e-09
-2.17677248798e+30
-1.87059715438e+31
8.26330799493e+35
2.64432346209e+37
-9.49495504443e-09
1.03518530813e+27
122.078613281
5.72219509184e+36
-3.86929148893e+22
-1.56583940533e-34
-7.26242037529e-28
-259999678464
6.2924251522e-37
-2.44163469568e+35
0.000362558319466
1.60164513392e-19
-3.48339060506e-31
-2.17949702998e+36
-373557248
2.27683557365e-14
1.16923113144e+13
3.56703797491e-33
-4870406656
6.43657687233e+31
-0.00154928129632
14404.5634766
-2.5580349218e-37
8.106918159e-08
1.45688830433e+32
-65901312
4.56590750605e-26
350459936
-337320640512
-4.55169429097e-23
-3.53735251329e+15
-1.86593963285e-17
-7774.03125
-5.65288502762e+35
-8.58537202811e+13
1.87119844605e+37
3.3023773686e+20
-508174.03125
-0.0594441890717
0.0252562761307
3.54976845449e-21
-5.60265766072e-12
1.1871400092e+33
-912.394592285
1.20923284722e+27
0.00599566102028
1.10877236009e+29
1.68732764359e+21
3.1121946299e-26
4.34971197949e-10
9.18388178436e+32
6.26348566717e-30
-1.30702281375e+37
-4.8567372346e-10
1.57587800215e-26
1.90123448981e+16
-4.30606663451e+26
3.17499726443e-37
-1.63051131841e-15
103703040
-8.62806336954e-06
1.04702335857e+24
829.95703125
4.75094868162e-36
2.56296916033e+32
-1.10820976751e+22
211639336960
2.1688975452e+29
-1.02035998472e+18
-5.26249006279e-37
-2.34685068179e-15
2.01297342104e+24
0.000847425370011
115.569831848
NaN
8.7055274912e-35
-5.4862606569e+16
-4.09153812853e+18
-1.30081285649e+25
1.11092446615e+38
-1.12738260524e+36
-2.31840071672e+30
1.54806740901e+28
3.81829076909e+35
-6.40640048169e+13
-1.078753189e-38
-1240984
5.09805261203e+20
3.53282989441e-29
-7475296.5
-111177900032
-1.56100427014e-24
-6.03354546237e-36
1.13337882794e-05
8.70531626956e-36
-1.06586597768e+36
1.93849008911e-27
-5.98575441066e+29
4.01691978873e-28
1.25586246377e+37
-1.29740107546e-11
-1.28393651192e-18
-263118
6.09934508067e+29
-4266080
4.24630809989e-18
2.49636755711e-10
8.59429128468e-05
-4.16361476594e-36
-144509501440
-2.56234488916e-06
-192085491712
2.81967237215e-27
5.05655508454e-19
-8.67668605943e+17
6.99530937709e-06
8.28503486366e+14
2.25552757686e+15
6.50795927455e-19
2.72144461633e-07
-4.06102857173e+25
NaN
87654912
-4.94597278746e+31
-3.44700396698e-14
-8.50340858602e+21
1.72301756196e-12
1.37241316447e-31
1.06262088288e-24
-3.87828187937e-36
7.93780360834e-32
3.34495568275
7.15935644102e-12
-3.12959202777e+38
-1273447.75
-1731.1640625
-1.37217298021e-37
3.27427887845e+37
2.89026818786e-32
1.07566980447e-19
-4.25959824032e+14
1.15977446761e-23
1.08123774452e+18
-9.78079551714e-05
2.25282000008e-34
-6.62297020842e-22
-1.08520397529e-13
414990
-6.58607674953e+28
4.66696216739e+36
-9.73338741588e-23
8.69163891282e+31
NaN
1.30703609123e+19
-4.01091025303e+31
2.91314215997e+20
34620164
1.48588298931e+35
-2.96036691576e-18
34157824
-2.3666473712e-38
0.170884132385
1.60681467621e+38
-551112704
-2.70337363726e+18
-1.53644874601e-11
-9.13873918762e-08
-1.34703981303e-09
-3.13579883358e+30
-1311.3203125
-1.49391542349e+23
-2.8060115698e+27
-9.27608750275e-29
-2.13086594662e+12
-1.23681980026e+32
1.73505802061e-32
-7.29254900359e-20
-7.14531625133e-29
4.26776898473e+20
-0.000112447414722
9.91170465526e-38
-1163944.125
348309536
-193621.015625
-7.50827264945e-12
5.67454445461e-37
5.69030663789e-25
12892570624
-3.22163351585e-34
1661837440
3.12452461887e+14
-6.95129642736e-09
1.1600104699e-07
9.36677169713e+35
8.63153571395e+18
4.37745227194e-25
4.40270225565e+15
5.19095539046e-19
2.54426850006e-05
2.38857566538e-12
-4.73062615556e-13
-5.39353041396e-11
-5.61280242816e-35
1.20761058569e+33
2.50185445277e-11
-4.31417596959e-15
2.70349314902e+16
1.1705060726e+38
-1.331856053e-24
-3.16815475852e-28
1.61023712158
-4.28539939581e-38
6.8601629002e+27
-213.903305054
-6.03325130179e-39
1.83038493758e-13
-1.72697325686e-16
2.16825952203e-38
1.0231450921e-36
4.7658417693e+25
-1.16006503958e-07
1.945587246e-15
-2.13693012266e-19
-135.237304688
7.19577175623e-12
2.41042682474e+24
6.89395933302e+34
1.31534026275e+17
5.62702550007e+31
7.70957709411e+20
1.02779776049e-20
1.68238937649e+30
-8.25602607113e-14
31022516224
-3.27897974351e-22
0.000115023467515
-1.783345751e+14
-1.59376676794e-23
-4.02223640732e-33
4.9890876672e+21
-1.07675933838
-3.15928984883e+36
8.13834117993e-20
-1.72313374017e-21
-137581584
-8.05851911915e+28
-1.61165585678e-14
-1.56927447134e+38
0.000119645614177
1.80809718131e-06
251732688896
1528.8046875
1.14974897008e-15
-1.73785444368e-10
1.10070771847e-22
-596103168
2.15708486742e-38
1.15271767187e-19
3.88065192784e-19
-8.83112315643e-17
1.53777177644e+29
-1030696960
-7.45154025289e-12
1.86927126361e-32
-371772653568
-1.16438073732e+25
8.94410803198e-08
1.82350548491e+33
2.19122840276e-24
-44062464
4.70905387928e-33
-6.07724340276e+25
6.94888014525e-19
2.69093746908e+25
2.37526205364e-21
-4.41367031246e-19
2.08407113234e+38
1.13432110039e+13
-3.95767492431e+15
2272880
0.0100242495537
-1.10192563251e-29
1.1032753946e-06
946644.0625
-6.88659842344e-25
3.67168496496e-07
5.24107726108e-08
7283573248
3.54703318469e-19
2.60472318198e+13
-4.7521932494e-25
-2.66294539134e+32
-5.01824847479e+20
-234763
-1.65830843692e-31
-2877744
5.98364589444e+15
-1.01952045041e+21
-2.88371821773e+12
6.47489173389e-09
-5.57462964679e-11
-1.73730262513e-19
-9.14954709028e+35
804295540736
2.81927440602e+38
-0.000102857593447
-1.2608601739e-25
-2.10205836867e+25
0.00525143789127
1884.5390625
-5.33389304946e-13
2.05100640492e+26
-0.11087179929
-3.41444772915e+15
7.39518712933e-09
2.21557394088e+27
-1.65749579966e+21
-1.65812912538e+26
9.93983541309e-14
-2.56843450079e-15
-2.14271240084e+29
1.47395199013e-24
1.34727092447e-34
7.04052581106e+14
-1.34865063801e-33
-8.53771994322e-16
-1.21858356562e-34
1.09968231203e-34
4.4958142098e-06
-2.80236318511e-29
-5.45733361621e-31
4.99438820582e-31
9.45808035213e-37
5.6445257268e-37
-3.22151222365e-10
4.57856879857e+22
-6.84266909801e-09
-1.49239762004e-15
1.08777530903e-38
1.16658142056e-17
-6.91145792496e+30
805.48828125
-2.44647971944e-20
-3.3320899373e-09
-2.58443850685e+34
8.62250946901e+35
-4.68286890475e+27
1197000.125
5.53989365378e-33
3.55212077678e+32
0.000141226701089
-3.10801548928e+29
-3.89061938222e-09
2.14614601646e-08
-1.22570432028e-17
-1.11549302929e+17
-1.80587744887e-21
8.22854188494e+34
-8332083200
-6.84678160253e+28
1.09781906245e+22
-6.40709913569e-07
1.58646087253e+38
786469748736
1.11341307277e-26
-2.80544293088e+36
6.08577120989e-12
1.2225388642e-24
2.86304468427e-25
2.16815289008e-25
-2.93568070578e+21
-1.84450775283e-22
6.37472789968e+15
-9.66616473012e+26
8.91663253978e-29
4.58905186345e+24
2.41958559855e-08
-691764
-3.22634935043e+33
2.89786858048e-05
2.81734855786e+14
8.67825964983e-16
2.17194022258e+18
-4.03412511048e+32
90.5454177856
-3.05863618812e+24
-3.0584835066e-16
-1.67805248205e+35
1.73510639808e-30
8.50435344123e+22
0.110875613987
-1.70305633302e-31
1.23869886455e+25
1.83633395197e+18
0.442953109741
1.86213110731e+28
30943870976
-2.3637910231e-18
-3.54673375114e-08
-5.8067748129e-19
-4.16873213379e+31
-2.16767714889e-11
-1.25341014295e+24
9.27988200998e-24
-5.00636121567e-23
3.76866200355e+15
4.98531819325e-23
-54139.75
-12312512
4881612800
-4.27438365037e-26
-1.07624896775e-36
-1.371797498e-05
9.02602609933e-17
-4.68555366102e-17
-7.85297015682e-06
387446734848
1.14959708419e-11
5.25398332798e+19
5.1021492799e-19
4.19337772388e+22
6.21364234364e+32
1.71257852344e-06
-3.58941902001e-33
-3.05863618812e+24
-1.68020197634e+31
5.68558329757e-15
-6.33955234301e+34
3.96914090592e-38
1.22500750876e-07
6.56454515457
-0.000515352992807
-6.80432012155e-34
-3.24203133644e-20
2.99053430709e+30
1.45641866905e-25
-0.00134459882975
-2.95162305672e-31
-2.74763768899e-36
2.07356504005e+31
5.48570282969e+36
-1.14763612481e-35
1.16585285026e+14
-1.44751303066e+12
3.52893327781e+34
-876965952
1.28146263245e+14
-518141984
-3.98936426101e-24
-2.69851880148e-05
36.6633300781
6.67008408498e-33
-2.47529153493e-23
6.66749578983e-22
171901
-2.17151733096e-21
-8.43079078579e-24
1.33828361243e+24
4.11154834589e+36
-9.17022180209e+26
2.96740030261e+30
1.54062007596e-09
5.23626971433e+23
-2.65539439789e+22
4.68899918893e-12
3370.046875
1.94489958397e-27
-1.0794683476e-06
-3.92211771333e+20
5.7239288179e-13
-3.57443020859e+36
1.05076355122e+25
-2.10476243532e+38
-1.39794678256e-31
3.56118968229e-27
4.37857210611e-31
4.01340381102e-27
19.918088913
7.68780167656e+30
-1.3566447306e-31
-2.2467460924e+35
-1522212864
3.37503665965e-16
1.60893217875e-32
-4.70729118807e-24
-7.59870919965e-30
1.55594954916e-14
-0.000591989664827
-2.94201374638e+23
-5.30398736888e-30
-8.10907674256e-23
-1.00152958843e-13
9.1546058806e+30
5.11179564372e-21
-4.24206764785e-23
3.67817599079e+27
-4.40919639031e-16
-1.05597421515e-26
1.64793630777e+25
-5.91479071493e-24
2.39701696939e-25
NaN
2.67531723576e-36
-1.44682919829e+27
2.15704862145e+32
5.24651764403e+18
3.5992696589e-14
-8.73008850167e+15
7.52956168526e-07
-1.41577823154e-24
-1.52905533358e+13
3.85260713935e+14
5.87271643209e+20
-1.63474833002e+30
-2.83056268381e-19
-6.79165904814e+13
-2.33477855647e-16
-130192896
-1.59520425614e-31
-4.59625605488e+26
-666219118592
-4.98985024732e-17
-4.84508023979e-11
1.64462193863e-12
8.97564675783e-24
6.1916892952e-15
2.7636103381e+13
-2.4604641945e+22
-7.83496372182e-34
2.29112453425e+15
-7.41911059586e-25
6.99465623142e+12
2.31264903553e-38
856573345792
5.11360986729e-20
5.62360469303e-09
-5910790144
-5.65332398878e+30
-1.88299209382e+34
7.50363206863
-0.0986743047833
-1.495591174e+26
2.25488572338e+25
-11213012992
-6.33333193114e+13
-7.8005830423e+34
-1.80144752449e-08
3762.39086914
1.44366993418e+17
1.70138784522e+32
-1.73869956596e+14
1.06777253706e-10
2.27627111238e-34
0.000277539715171
1.03536820224e+12
-0.000748109130654
-0.652874052525
1.84678975148e-28
5.99873556597e+32
1.79100975104e+12
-0.00689569115639
4.89443065875e+34
4.20554059539e+22
9.16082301937e+17
-1.1600112915
2002.2265625
-2.95211361979e+25
-2.10408374751e-11
1.54620977699e+20
1.28974371796e+17
1.36309974659e+37
5.4904113133e+17
-0.000474257394671
-2.67854561673e+14
-1262477312
3.84271319598e-17
-1.75501306578e-32
5.15987035618e+35
-4.06384956167e-35
-4.11410456333e+36
2.4572879842e-10
-1.38754834085e-36
-1.22004185321e-37
-27110.125
4.49202309197e-35
-1.08663108796e+15
1.9471772785e+14
-4.48117705825e+34
-3.14369991801e-19
5.70711563341e-06
8.95985377552e-33
-3.61641479647e+36
-438542.03125
-1.03827201578e-20
3.62248124475e-06
3.58808469048e-13
48455.75
7843744
-7962.90625
-31727746
-4.56361360059e-22
1.06245679981e-24
-2.8926573516e+32
-65181.75
-4.175293216e+31
-5.91190108511e+25
-7.84805163564e-15
-5.41206718536e+23
-1.44549405662e+34
1.94589865467e-34
2.463941928e-05
3.56034350231e+27
-7.55615609651e+12
2.35956630315e+28
1737.0703125
-1.25859709945e-32
3.53922469779e-25
1176.75793457
5.66574282133e-15
5.40891798027e+24
-1.38809155547e-31
1.67083718822e-12
2.86417871454e-17
1.59641265869
-3.56468081009e-06
-2.02649959867e-30
-8.29923071713e-23
2.00302579856e-07
-4.92964931785e+25
1435525248
3.98933468994e+29
-6.1687369198e+34
1691.1171875
-7.11332500174e+36
0.135846138
2.97253785483e+25
3.59032749786e+37
-2.44912279037e+25
6.1989515596e+19
2.24237227131e-30
0.000961590616498
1.84141981177e-14
0.000243698246777
-5.99772675969e-10
-6.84763323827e-19
1.62877688823e-21
1.48590921291e-30
344810
-8.28417426274e-27
-2.93478383143e-14
-1213976.125
-5.97815901025e-20
-3.9008260667e+28
-3.7509405304e-13
985255936
-2.93611895956e-28
-64727814144
-6.7513978276e+28
4.15511842869e-14
0.000778500048909
1.17030819546e+28
-4.175293216e+31
3.39249754819e+31
1.45859774707e-27
-1.95779066082e-31
274686.03125
14982.1884766
9.07160790635e+25
8.94978247254e+26
-2.43854856669e-34
6.07700956281e+18
7.72452834118e+20
9.03348600697e-33
1.41955310422e-17
-1.5822393475e-19
-41656.25
-8.2722948059e+24
4.3917845373e+21
7.8467222291e+30
-457231564800
1.90769784333e-33
-7.28505158027e+22
19723.8769531
9.59802719354e+20
-1.06693519057e-30
-2737456.25
2.19348294195e-06
4.80853583612e+23
3.95651609616e+33
-179408224256
-3.0589355723e-29
-2.7940945673e+26
-1.19392220554e-08
4.10386622234e-22
-4094836736
4.46044903046e-18
-1.75263835516e-16
-0.613613188267
1.14077052982e-30
0.976970732212
-4.15528148778e-07
-1.76820620818e+34
-9.95326761176e+28
5.89369815204e-26
-37.4821777344
-5.53418507022e+18
-297173.96875
4.53334590291e+20
-990916
-6.28824554547e-17
-7.55608898765e+12
2.37472123585e-23
3.629659538e+30
-9.64144085491e+17
-7.64001533057e-35
5.69964665177e-20
6.9974155333e-31
-3489.76586914
-1.121083941e-28
-1.28525081919e-17
-1.37083805744e+26
18241152
-2.22621870068e-36
2.04858359635e-35
41491.7539062
-227724509184
-7.43626409771e+14
-2.04713535057e-33
-1.96531182155e-05
1.31952541218e-37
-5.32977524146e+14
-8.19211417043e-33
4.69227434685e-12
-6.2754941413e-33
2.27399664285e-31
1.90875093509e-11
-3.10908937346e+17
4.74008135595e-21
1.78307157928e-09
-2.8912453215e-16
-2.66005273364e-12
-1.45514966382e-17
1403.5859375
-9.71759561708e-10
NaN
-0.00246511399746
4.31115518579e+19
-5.22982357347e-21
3.23872410829e+12
-6.09801397542e+24
-8.69763450435e-23
9713600
252554772480
1.03485575664e-09
-5.95550826577e+23
-1.15566231222e+16
2.13366845191e-28
6.21703350116e-36
-564.63671875
1.45448021074e-33
-1.04405261311e+20
-1.52751071031e-31
-4.82583196467e+12
-4.76421679885e-12
8.61699893491e-21
9.15842974791e-07
2.98229496654e-12
2.86692247796e-24
-6.98377466968e-12
-7.80435828809e-15
9.25418135012e-07
-7.46453979533e-38
0.660442233086
4.14900933472e-39
4.31177587816e-22
-7.64516511273e-21
-13008576
1.0893897651e+23
0.000462597236037
-1.31450704271e-15
-2.75015092339e-28
-5.87284073911e+29
1.01421377927e+37
-44355328
-52.5642089844
-6398944
-1.8410684625e-16
-37531392
-7.39385677662e-06
1.29524205438e-30
5.87005633861e-05
2.39576492867e-16
4.8278452628e+17
