0.0569312274456
0.157929211855
0.222711145878
0.205630883574
0.180046021938
0.157495245337
0.119625583291
0.138711005449
0.220613136888
0.304192245007
0.350621014833
0.379677087069
0.385617285967
0.348234623671
0.290713757277
0.220458880067
0.130336120725
0.0803198516369
0.115861997008
0.166079759598
0.20805041492
0.23523978889
0.260006248951
0.284045815468
0.306932717562
0.333194822073
0.359519600868
0.381778091192
0.385712563992
0.363401561975
0.32607114315
0.294453889132
0.292055040598
0.309324741364
0.34010925889
0.375432878733
0.39545878768
0.415682524443
0.440875321627
0.46031165123
0.481591880322
0.488071799278
0.450857430696
0.372035950422
0.270994722843
0.168782755733
0.114259362221
0.150436580181
0.194782212377
0.197285428643
0.160349532962
0.0873958989978
0.0783285349607
0.17692925036
0.281078159809
0.349467843771
0.385986864567
0.382816135883
0.323327839375
0.244210585952
0.154799029231
0.0584681369364
0.0347486622632
0.104996547103
0.149353146553
0.183658182621
0.196561574936
0.195462927222
0.178431972861
0.149160712957
0.119222961366
0.0779987201095
0.0412547700107
0.0117148468271
0.0276959277689
0.0594924613833
0.0943566039205
0.129220381379
0.152154266834
0.154467478395
0.150231137872
0.142262294888
0.156486690044
0.19453895092
0.231840968132
0.273562252522
0.294442623854
0.273985385895
0.241168737411
0.202678069472
0.157609134912
0.119128555059
0.0830531641841
0.0489890836179
0.00435966113582
0.0609128549695
0.124773830175
0.187743887305
0.2225061059
0.209335714579
0.178075671196
0.131531357765
0.103696711361
0.175116866827
0.270292401314
0.34416243434
0.401477128267
0.423316210508
0.391000598669
0.340018093586
0.29127573967
0.238826081157
0.199119389057
0.178494438529
0.160512253642
0.135493785143
0.139706090093
0.179060727358
0.210784897208
0.245884031057
0.263047039509
0.241824015975
0.20440107584
0.167606204748
0.164817288518
0.203470468521
0.256776839495
0.318735003471
0.389340758324
0.468046188354
0.525063037872
0.550986945629
0.593403637409
0.630285918713
0.608175158501
0.574790477753
0.566407263279
0.548302769661
0.514144778252
0.479056507349
0.455737859011
0.410441637039
0.323672115803
0.240621447563
0.163341775537
0.0765858590603
0.0174748077989
0.0366583578289
0.0380559377372
0.0393302701414
0.0977594703436
0.190677687526
0.277435004711
0.384508132935
0.460012197495
0.465812504292
0.462168455124
0.437617003918
0.389076262712
0.364536702633
0.370903015137
0.412428379059
0.437114536762
0.386360168457
0.306192427874
0.224628195167
0.173032030463
0.217926084995
0.294593572617
0.342916935682
0.373603880405
0.364846587181
0.293877512217
0.244409531355
0.208247408271
0.191191628575
0.211346492171
0.215911328793
0.226121485233
0.275617688894
0.370591074228
0.462892830372
0.508121490479
0.549575984478
0.578367471695
0.533313632011
0.446637451649
0.372198373079
0.320733040571
0.301786959171
0.307583481073
0.326564311981
0.343398958445
0.361964404583
0.354352265596
0.29369160533
0.218681260943
0.16012878716
0.159517899156
0.234391137958
0.329468250275
0.404632240534
0.436813861132
0.459986776114
0.43548232317
0.33849298954
0.230978831649
0.150221988559
0.159470811486
0.264800220728
0.367973268032
0.405029565096
0.427377313375
0.414177745581
0.308690011501
0.187278136611
0.0510988049209
0.11591899395
0.238520681858
0.360199928284
0.422239631414
0.385443776846
0.329268068075
0.255279570818
0.219526842237
0.300759375095
0.41156321764
0.504109323025
0.599381566048
0.59641212225
0.49643060565
0.405654370785
0.294423609972
0.180582374334
0.143186450005
0.166029006243
0.17939850688
0.166472360492
0.132187470794
0.109892055392
0.124159149826
0.146800413728
0.148880586028
0.133268386126
0.0841614156961
0.0589489527047
0.109038032591
0.141819298267
0.177895843983
0.200816884637
0.218126371503
0.282147169113
0.31009349227
0.372536122799
0.365849524736
0.283348530531
0.202395364642
0.0801717564464
0.0785031765699
0.20971930027
0.301247268915
0.331163764
0.34669354558
0.290352225304
0.196319058537
0.160609260201
0.223620265722
0.31977596879
0.379550814629
0.417109310627
0.485849767923
0.454504907131
0.396090805531
0.349294394255
0.23532743752
0.138376548886
0.131405472755
0.194540634751
0.257652878761
0.275381147861
0.239580348134
0.198432981968
0.231705382466
0.344654083252
0.471076160669
0.502079665661
0.454833269119
0.405616939068
0.287940621376
0.148921385407
0.155677676201
0.260030865669
0.323634684086
0.361970931292
0.337658405304
0.254536300898
0.20921626687
0.220074981451
0.25033813715
0.286066710949
0.285677969456
0.233729988337
0.197187930346
0.210136950016
0.247076690197
0.275261193514
0.230149939656
0.129561513662
0.0917302817106
0.175996556878
0.26415938139
0.353600472212
0.408470511436
0.372754961252
0.303255349398
0.260312259197
0.263765513897
0.296628445387
0.29490545392
0.247328028083
0.197743475437
0.163993552327
0.176370218396
0.249652847648
0.318124741316
0.329316556454
0.314031630754
0.295430392027
0.257223010063
0.239441558719
0.236229196191
0.23463396728
0.256126344204
0.27595153451
0.236085027456
0.180212914944
0.159197360277
0.132947519422
0.108084395528
0.132708996534
0.158615916967
0.163602665067
0.186036616564
0.200700327754
0.196896344423
0.185310795903
0.190853714943
0.229975745082
0.270100980997
0.26103952527
0.239549174905
0.232504233718
0.186087176204
0.111455127597
0.0532457157969
0.00393674150109
0.0541832558811
0.0787008628249
0.0905064046383
0.0817409008741
0.0564641617239
0.0589531250298
0.0801353231072
0.148271083832
0.23198902607
0.268451601267
0.321239054203
0.413864821196
0.450951844454
0.420237571001
0.425372004509
0.427801311016
0.353024065495
0.252242892981
0.179389923811
0.111207231879
0.0797644108534
0.114253945649
0.151245027781
0.147579059005
0.124879084527
0.0991585701704
0.0589800328016
0.0608285367489
0.117202565074
0.197449609637
0.265290737152
0.305017501116
0.374795347452
0.476501256227
0.495369523764
0.4445515275
0.453340351582
0.424359112978
0.311673551798
0.24527823925
0.194556236267
0.128104448318
0.0996092557907
0.127296596766
0.17520403862
0.193329691887
0.215554565191
0.251116901636
0.225067481399
0.156070411205
0.0996050462127
0.120864719152
0.195373624563
0.275148868561
0.278668045998
0.227396771312
0.18968680501
0.104904279113
0.0148479668424
0.117414608598
0.20215305686
0.231340527534
0.219588533044
0.227417886257
0.283857584
0.37573865056
0.446000307798
0.460706591606
0.504643917084
0.579529345036
0.562205553055
0.48288500309
0.441794097424
0.462207823992
0.451716631651
0.353869646788
0.248852148652
0.18909150362
0.15178386867
0.145838946104
0.151707813144
0.138203114271
0.169890061021
0.189388662577
0.273682296276
0.368000745773
0.360095798969
0.411966592073
0.407246828079
0.278598994017
0.199336871505
0.105953164399
0.195766717196
0.276984423399
0.3760894835
0.487228274345
0.462857276201
0.387430727482
0.351575165987
0.309982389212
0.309832066298
0.326693862677
0.322707295418
0.339543431997
0.334017246962
0.22883951664
0.0938427969813
0.0409973561764
0.18997259438
0.265711188316
0.306164175272
0.358324825764
0.354365587234
0.309848964214
0.281606078148
0.294773727655
0.34911224246
0.368426948786
0.286664843559
0.19344599545
0.127036467195
0.0702657476068
0.0391496531665
0.0597195550799
0.123522020876
0.239146366715
0.398953229189
0.508102178574
0.580678582191
0.747579336166
0.838390946388
0.737913310528
0.638770222664
0.647508025169
0.605972349644
0.468224555254
0.340967416763
0.27714329958
0.22770293057
0.154002055526
0.0765739753842
0.0516901127994
0.130864962935
0.278888761997
0.505360603333
0.638392448425
0.688634335995
0.863921046257
0.973857343197
0.857698440552
0.726140618324
0.722671627998
0.731355071068
0.667483389378
0.508988380432
0.376538842916
0.247252345085
0.117463938892
0.237600535154
0.470770865679
0.646342515945
0.628278970718
0.590579211712
0.59915214777
0.557258427143
0.523457229137
0.535173594952
0.552608191967
0.646013140678
0.731884241104
0.630152583122
0.452976316214
0.37297552824
0.293017536402
0.156177565455
0.0371404327452
0.0663124248385
0.171222165227
0.245159819722
0.25878995657
0.262373000383
0.30015656352
0.380728453398
0.478030920029
0.501075804234
0.457918256521
0.470628410578
0.454921394587
0.37426751852
0.321655660868
0.303583472967
0.314454346895
0.335362970829
0.260698020458
0.116128079593
0.151686474681
0.334072113037
0.410438090563
0.493902146816
0.548808217049
0.404768288136
0.228244870901
0.0703197047114
0.15370079875
0.300273567438
0.48558807373
0.51650339365
0.403497129679
0.381914883852
0.328722387552
0.217841356993
0.167997643352
0.205303475261
0.25269946456
0.282946139574
0.43409588933
0.518228173256
0.453777372837
0.47873967886
0.438068300486
0.294072300196
0.222246676683
0.257659286261
0.343920111656
0.486283063889
0.536959350109
0.421094954014
0.294930130243
0.198427185416
0.171008110046
0.263832390308
0.444615274668
0.593874394894
0.591548502445
0.629644691944
0.751482546329
0.734506011009
0.579173564911
0.472853660583
0.445213764906
0.398234665394
0.334997415543
0.256763994694
0.199231743813
0.121949605644
0.0684185400605
0.179328903556
0.265693157911
0.406839370728
0.404223501682
0.29488670826
0.224037200212
0.0581943467259
0.102551534772
0.263896673918
0.406491458416
0.382452100515
0.345876663923
0.289310514927
0.119198076427
0.0785041376948
0.247548952699
0.330495148897
0.320262879133
0.353199630976
0.30308419466
0.192942336202
0.188264891505
0.281759053469
0.344788193703
0.459780871868
0.537580430508
0.46867120266
0.381298184395
0.393248945475
0.431705415249
0.436762005091
0.386881411076
0.393676608801
0.467564791441
0.417878359556
0.325308829546
0.356721401215
0.344190061092
0.25553560257
0.230335116386
0.249507576227
0.264177560806
0.267829090357
0.264701068401
0.332864314318
0.379734039307
0.310361087322
0.235677868128
0.191355541348
0.112304881215
0.142000898719
0.229418635368
0.242100015283
0.302747368813
0.358449667692
0.299276083708
0.415292680264
0.444583892822
0.440845876932
0.58589476347
0.593252122402
0.516092300415
0.585168898106
0.736907422543
0.744967579842
0.636719763279
0.696392118931
0.77157330513
0.624557375908
0.45512932539
0.442317187786
0.415002733469
0.295025140047
0.232615858316
0.236024409533
0.175195962191
0.245136499405
0.233148530126
0.246049165726
0.272553831339
0.174828976393
0.176736369729
0.128991186619
0.205795764923
0.195574238896
0.294678837061
0.268643319607
0.347921520472
0.398782938719
0.365395516157
0.482518047094
0.406829565763
0.284599840641
0.244871035218
0.212741494179
0.255452692509
0.333867311478
0.341614186764
0.380018681288
0.462655395269
0.428926706314
0.312181442976
0.243946805596
0.229476541281
0.245893016458
0.334043890238
0.461442440748
0.502478659153
0.525991261005
0.688862204552
0.729459106922
0.561873912811
0.476808100939
0.480517804623
0.401568502188
0.277643442154
0.196664601564
0.166920602322
0.111472636461
0.0463420748711
0.054867465049
0.0901368930936
0.0720432847738
0.0604621134698
0.0409026257694
0.139113843441
0.191528081894
0.320241391659
0.394124120474
0.326931744814
0.363706797361
0.333512544632
0.204795062542
0.132504060864
0.122036866844
0.170068860054
0.217302203178
0.176671341062
0.137341275811
0.104240849614
0.0621114298701
0.123207978904
0.172997504473
0.164002671838
0.210559561849
0.154066041112
0.178809151053
0.206116199493
0.346524149179
0.482444405556
0.441234380007
0.561864733696
0.605047762394
0.464119702578
0.381729632616
0.431117802858
0.504085898399
0.492095440626
0.416007399559
0.441998571157
0.513807177544
0.483268678188
0.388768851757
0.381007283926
0.449408382177
0.373979866505
0.279000222683
0.32616725564
0.249027997255
0.254727035761
0.302197486162
0.241791456938
0.209645718336
0.263671875
0.359246015549
0.386963248253
0.33154091239
0.372200071812
0.411139845848
0.313738495111
0.208102151752
0.179328158498
0.159926325083
0.113001987338
0.0376165546477
0.0347119942307
0.130813345313
0.225539416075
0.228826418519
0.247264161706
0.306264817715
0.314626812935
0.27417999506
0.255551487207
0.332246780396
0.402086317539
0.320745617151
0.249932527542
0.255299091339
0.170508876443
0.0982268750668
0.0908229798079
0.103759564459
0.133795782924
0.161204516888
0.27509534359
0.395457237959
0.370953172445
0.364910274744
0.491376549006
0.562816202641
0.488746017218
0.40602350235
0.431470423937
0.399653285742
0.326576888561
0.340952605009
0.405598819256
0.47238022089
0.675663888454
0.722232818604
0.513710200787
0.362180501223
0.283217042685
0.264993965626
0.405866831541
0.53403788805
0.47464042902
0.430113524199
0.440756231546
0.356328815222
0.33056935668
0.364089727402
0.353326290846
0.416519194841
0.484280914068
0.38124871254
0.241073921323
0.182081356645
0.202812820673
0.277607738972
0.303207755089
0.227421566844
0.143365591764
0.104809939861
0.0781880766153
0.0685537606478
0.0593673661351
0.0787956193089
0.194128379226
0.333004891872
0.352290391922
0.398461908102
0.517099201679
0.444825738668
0.290395826101
0.244955480099
0.201132759452
0.187201350927
0.187651336193
0.140577331185
0.153850600123
0.122373238206
0.15646609664
0.243356823921
0.223281502724
0.283226341009
0.328507840633
0.285114914179
0.244305729866
0.255016326904
0.343991905451
0.46926677227
0.520930886269
0.45453864336
0.426122993231
0.526521027088
0.566557943821
0.470576643944
0.342514425516
0.315917223692
0.348099529743
0.378757476807
0.371210217476
0.285581052303
0.246477425098
0.25617441535
0.195347249508
0.0758606642485
0.0104070203379
0.101427085698
0.203004062176
0.253097295761
0.261321306229
0.371233254671
0.506977438927
0.482600241899
0.379074662924
0.400121092796
0.466431945562
0.414244800806
0.279594779015
0.205344751477
0.179502114654
0.106380879879
0.0516965277493
0.0986936613917
0.192547187209
0.214408710599
0.179396495223
0.206887066364
0.243076503277
0.181289225817
0.110970981419
0.128506273031
0.152243703604
0.346803963184
0.407219678164
0.44760966301
0.650872707367
0.551872551441
0.357453256845
0.313699930906
0.0917114689946
0.184357509017
0.303867131472
0.571652889252
0.575803101063
0.423521190882
0.430590242147
0.363014131784
0.294533222914
0.343868643045
0.40890416503
0.408079594374
0.487147927284
0.643845975399
0.711810350418
0.639014542103
0.526331782341
0.56260484457
0.672892987728
0.790207386017
0.831494510174
0.748664200306
0.887395441532
1.16028392315
0.974103033543
0.614697575569
0.562068402767
0.257216632366
0.0915909409523
0.236347422004
0.46729233861
0.422062933445
0.325853973627
0.303172588348
0.0891020223498
0.0665486603975
0.23585370183
0.319742292166
0.23435690999
0.247066751122
0.187809288502
0.0675623193383
0.0756550207734
0.103718817234
0.191689237952
0.270062893629
0.272817850113
0.307294428349
0.431790143251
0.359358519316
0.177842527628
0.0779211446643
0.183291345835
0.307925671339
0.584675014019
0.726517915726
0.534575462341
0.546992480755
0.457912951708
0.16480115056
0.0801779478788
0.284805029631
0.320714563131
0.401568055153
0.476191520691
0.269758164883
0.199021145701
0.0929865166545
0.192054882646
0.187819257379
0.256740242243
0.26519677043
0.146182328463
0.108356624842
0.0402715168893
0.0307115036994
0.0374291390181
0.0410276986659
0.0683945938945
0.134773358703
0.170188680291
0.148470580578
0.198241665959
0.194723129272
0.104573108256
0.0587911494076
0.00881661474705
0.0578029379249
0.128040656447
0.187003776431
0.152222380042
0.256772041321
0.26759904623
0.252491623163
0.372130990028
0.315110623837
0.237273052335
0.250443100929
0.186709284782
0.168357312679
0.230558991432
0.252664029598
0.392936468124
0.503164827824
0.366345614195
0.371115505695
0.353902757168
0.174058452249
0.167153805494
0.0998679772019
0.0465919710696
0.0409803539515
0.127047404647
0.281477063894
0.308910876513
0.371105968952
0.532775878906
0.394749194384
0.279423296452
0.259412497282
0.132295593619
0.104861341417
0.154342353344
0.135582476854
0.160552620888
0.0891728699207
0.0899579972029
0.13294929266
0.301089942455
0.293619096279
0.255458652973
0.304016828537
0.15519721806
0.168407261372
0.110843405128
0.177573040128
0.131697669625
0.089005805552
0.0336812026799
0.0645978227258
0.112754829228
0.183179333806
0.151793599129
0.0868576914072
0.114477872849
0.186116695404
0.362761765718
0.546430289745
0.425558686256
0.412638872862
0.411384671926
0.176361054182
0.0099403206259
0.185657635331
0.288685113192
0.294211149216
0.437822729349
0.359524637461
0.183362662792
0.117281250656
0.0498550087214
0.080424234271
0.134045258164
0.149641141295
0.120598472655
0.107626803219
0.114146947861
0.17035651207
0.172566026449
0.0832968577743
0.104669347405
0.148387461901
0.308726847172
0.286789983511
0.344722658396
0.455318838358
0.348156303167
0.226107314229
0.23502355814
0.278144001961
0.305379867554
0.228574708104
0.22731743753
0.269979804754
0.169667303562
0.146833270788
0.161993980408
0.101207368076
0.0833006873727
0.127263784409
0.198306590319
0.227245390415
0.190241366625
0.234445601702
0.273580133915
0.237747341394
0.175997391343
0.15235710144
0.188306346536
0.286297798157
0.321677714586
0.227031171322
0.14293590188
0.109718374908
0.0906147360802
0.147019505501
0.284722715616
0.394078463316
0.335220992565
0.321361392736
0.41302266717
0.38134431839
0.278697937727
0.232373073697
0.255070179701
0.393929839134
0.607026457787
0.559687256813
0.392896413803
0.50208479166
0.372187674046
0.222836852074
0.301419526339
0.211539924145
0.336188167334
0.369567126036
0.273063212633
0.242429941893
0.342128455639
0.485317260027
0.540693700314
0.439879596233
0.492047041655
0.671253085136
0.59013915062
0.364205867052
0.336769044399
0.338505923748
0.234504535794
0.165127500892
0.152332782745
0.149687513709
0.226915583014
0.218213498592
0.143975496292
0.24076077342
0.202028527856
0.25393858552
0.338056623936
0.219177573919
0.235222384334
0.210335567594
0.0857256427407
0.0532623901963
0.0392965637147
0.0842550992966
0.0607128813863
0.0765077918768
0.0336303338408
0.0920297503471
0.104407757521
0.221747979522
0.306713223457
0.232855424285
0.273608237505
0.306102573872
0.175318032503
0.0690968260169
0.0727402567863
0.14808024466
0.212953299284
0.388096570969
0.403539597988
0.263209104538
0.308974176645
0.258476406336
0.137157440186
0.0882198810577
0.105567313731
0.22290340066
0.321951419115
0.274868816137
0.517944455147
0.60408192873
0.444469511509
0.647520184517
0.724345862865
0.513750612736
0.392870604992
0.487891584635
0.524540841579
0.42860648036
0.269124925137
0.238396301866
0.196579575539
0.124752745032
0.167181149125
0.232271850109
0.253221005201
0.233608499169
0.219195798039
0.294709980488
0.54009103775
0.76990121603
0.696266829967
0.546791553497
0.727134585381
0.824404418468
0.727620005608
0.547311604023
0.515972733498
0.757917225361
0.828947722912
0.528826475143
0.425319254398
0.392084181309
0.14380800724
0.252572745085
0.219975233078
0.366184085608
0.445973217487
0.328133195639
0.236145436764
0.262127310038
0.432142823935
0.626213133335
0.60813164711
0.438143908978
0.52780777216
0.632685184479
0.53877800703
0.373391985893
0.337906450033
0.496016710997
0.478876113892
0.269220978022
0.35074916482
0.285045981407
0.248092025518
0.377736389637
0.251554369926
0.244739502668
0.246208518744
0.200284525752
0.232422083616
0.251833975315
0.315829187632
0.527790606022
0.476464509964
0.339327454567
0.491011947393
0.413180351257
0.249314770103
0.335277765989
0.422033786774
0.361546248198
0.35789886117
0.602390229702
0.548288285732
0.422770857811
0.644218742847
0.457349836826
0.375696778297
0.464741826057
0.267126530409
0.263995409012
0.308017045259
0.295301258564
0.290538370609
0.308331102133
0.578918218613
0.780054986477
0.606777608395
0.548521637917
0.763586461544
0.703999042511
0.438276648521
0.357195019722
0.426176667213
0.355532437563
0.180349618196
0.0938412547112
0.041861847043
0.088133983314
0.157822757959
0.158905640244
0.246620520949
0.41615113616
0.460102945566
0.334445416927
0.366358220577
0.466222524643
0.353424310684
0.163703873754
0.0809037685394
0.0781880244613
0.128652468324
0.250047504902
0.327321529388
0.238169789314
0.181520745158
0.224909245968
0.109888732433
0.177652880549
0.199173897505
0.303656250238
0.535677552223
0.459444344044
0.386644273996
0.525682985783
0.393484294415
0.206929475069
0.169866085052
0.212309151888
0.380861580372
0.583603382111
0.443671494722
0.362704187632
0.429689288139
0.178909495473
0.213931024075
0.146052747965
0.292993098497
0.310764044523
0.198878854513
0.263253003359
0.237626284361
0.155348166823
0.103284858167
0.121093653142
0.181928679347
0.183549642563
0.132820948958
0.144070193172
0.25651627779
0.309077054262
0.233445227146
0.417914271355
0.469204485416
0.288708359003
0.422180652618
0.335486680269
0.142062202096
0.106632657349
0.0796628966928
0.121886685491
0.288492590189
0.338882386684
0.267339885235
0.446903377771
0.277826428413
0.395287185907
0.393046796322
0.28182387352
0.460669994354
0.335517644882
0.255098164082
0.374012887478
0.368696004152
0.278438746929
0.320648431778
0.572011590004
0.607609689236
0.413187593222
0.557219862938
0.702063798904
0.558871924877
0.35088634491
0.420241892338
0.519446492195
0.445616781712
0.271905422211
0.164605215192
0.128680884838
0.183900266886
0.385643988848
0.635078251362
0.626006484032
0.451638370752
0.640896737576
0.690658628941
0.460866123438
0.277940094471
0.257901698351
0.313249468803
0.561121463776
0.785706520081
0.674316763878
0.410692036152
0.439513772726
0.423609673977
0.383657157421
0.432603865862
0.423625558615
0.318052411079
0.392738759518
0.491551339626
0.447184205055
0.366718262434
0.301506012678
0.268690526485
0.382123857737
0.468191355467
0.447525084019
0.351728945971
0.264652073383
0.362232774496
0.420484125614
0.27740213275
0.106170587242
0.0267151426524
0.137813523412
0.173645675182
0.172351971269
0.236776381731
0.210738539696
0.23122651875
0.282010704279
0.25232309103
0.310840666294
0.451657623053
0.395305663347
0.288512885571
0.261793553829
0.30003157258
0.569560050964
0.669559597969
0.396863877773
0.380885332823
0.333979189396
0.0741831883788
0.0595363341272
0.274815440178
0.272393316031
0.26764395833
0.38399168849
0.199671640992
0.241865873337
0.211104303598
0.113082125783
0.132496833801
0.0696559175849
0.0791197270155
0.109084203839
0.0935207009315
0.150016695261
0.151052996516
0.090466953814
0.0371895208955
0.00879853963852
0.0815869569778
0.183368697762
0.201420322061
0.443327218294
0.738753974438
0.595918416977
0.626658082008
0.92740637064
0.652824819088
0.341707706451
0.361898690462
0.251884430647
0.23588180542
0.246408373117
0.184690847993
0.349458873272
0.238553345203
0.384955257177
0.453850358725
0.309256881475
0.536592364311
0.488059788942
0.279017239809
0.226868748665
0.353940576315
0.514571428299
0.447454959154
0.287248283625
0.417358636856
0.299127727747
0.107623912394
0.0597948841751
0.0405552648008
0.0930067077279
0.113874293864
0.109863385558
0.218169376254
0.143184348941
0.210508152843
0.176037445664
0.0426949374378
0.0549157746136
0.150910049677
0.128152966499
0.232519477606
0.226874470711
0.0876215398312
0.0216280836612
0.0889132469893
0.112679891288
0.16605553031
0.191992580891
0.133735999465
0.217703387141
0.331025093794
0.289241760969
0.560039103031
0.688937187195
0.392277091742
0.39064091444
0.363056570292
0.142715841532
0.0493056885898
0.0543474182487
0.068400926888
0.113129906356
0.176349177957
0.427049607038
0.381149947643
0.48284471035
0.795018851757
0.681905090809
0.408923059702
0.500833511353
0.713731884956
0.759447813034
0.565856993198
0.425246179104
0.643348097801
0.659045696259
0.429878890514
0.229211866856
0.219110712409
0.246133193374
0.205189138651
0.114721685648
0.100581869483
0.159359648824
0.204620927572
0.175505310297
0.294005602598
0.398531347513
0.313043028116
0.174054071307
0.216141819954
0.209252342582
0.129738748074
0.0674041584134
0.0591616034508
0.0893954858184
0.169896289706
0.120524935424
0.217216312885
0.354266315699
0.245545223355
0.383088856936
0.50089007616
0.304907023907
0.195047616959
0.200023934245
0.178682714701
0.229151949286
0.269564330578
0.190040096641
0.18718162179
0.171635657549
0.0832692533731
0.160649389029
0.339961975813
0.323259413242
0.26268479228
0.416206628084
0.29289445281
0.0805217400193
0.0301069859415
0.24014981091
0.247755229473
0.306092619896
0.47487744689
0.337180644274
0.141545772552
0.0881230682135
0.0665725320578
0.12699174881
0.253906756639
0.423527389765
0.44799593091
0.33884999156
0.331270188093
0.589576900005
0.735369503498
0.537887632847
0.396489948034
0.621721565723
0.565341472626
0.288727581501
0.210759580135
0.290169358253
0.285416781902
0.171060800552
0.244748666883
0.381330400705
0.266584455967
0.351634681225
0.541230380535
0.407063692808
0.253459662199
0.390562236309
0.426889955997
0.301892250776
0.173002839088
0.235536828637
0.26410600543
0.13668474555
0.15044555068
0.172007888556
0.168924510479
0.402518808842
0.464042574167
0.318900316954
0.508378982544
0.737692475319
0.623387336731
0.358610033989
0.468928039074
0.565103709698
0.467550158501
0.306329399347
0.201891109347
0.256104528904
0.36656588316
0.374681800604
0.237150013447
0.122521139681
0.0979722216725
0.0322774499655
0.0876748487353
0.226234614849
0.395119726658
0.376804888248
0.233948588371
0.356864362955
0.388988643885
0.277758777142
0.185368433595
0.16087436676
0.298364371061
0.41738936305
0.299568980932
0.313882529736
0.500833511353
0.332070291042
0.352446109056
0.53510761261
0.3998028934
0.240203455091
0.36657589674
0.444581717253
0.427461117506
0.309057056904
0.294827252626
0.476069122553
0.477640092373
0.284136265516
0.144292324781
0.126483172178
0.147159203887
0.241572484374
0.337173074484
0.306065529585
0.226565688848
0.1841763556
0.27206659317
0.523750960827
0.715865910053
0.576820790768
0.442730873823
0.747438490391
0.688627421856
0.341690123081
0.217944264412
0.192327901721
0.102054290473
0.118932493031
0.207121968269
0.230396181345
0.159988448024
0.0919574424624
0.0740691795945
0.0921309292316
0.21607363224
0.51335644722
0.689324855804
0.474351942539
0.733344972134
1.06915771961
0.701260864735
0.514581799507
0.699715554714
0.349654555321
0.224796742201
0.194376081228
0.147092044353
0.238702714443
0.170287236571
0.124529138207
0.139067560434
0.30276915431
0.562801063061
0.551113784313
0.325114369392
0.512010812759
0.618899106979
0.43388068676
0.219464272261
0.19972383976
0.277744144201
0.35323086381
0.358174026012
0.234941780567
0.182846426964
0.260462462902
0.173466280103
0.042701356113
0.0716895014048
0.184986487031
0.172074392438
0.124700665474
0.178417474031
0.176699966192
0.272868037224
0.428545773029
0.368560940027
0.463832557201
0.814638793468
0.674329042435
0.352827906609
0.545374333858
0.506104469299
0.299120783806
0.152924448252
0.186443865299
0.271318614483
0.214982867241
0.0877077281475
0.110404126346
0.0881931856275
0.0488872639835
0.0452350080013
0.142197921872
0.165236517787
0.180448368192
0.404880464077
0.295001655817
0.332032680511
0.480854690075
0.23203125596
0.299097150564
0.269804745913
0.0871801227331
0.049252089113
0.0468448661268
0.164084881544
0.24262085557
0.148676380515
0.333439946175
0.310461968184
0.138526782393
0.187371820211
0.0883231833577
0.0716468840837
0.202610179782
0.208511561155
0.22126236558
0.430234789848
0.375858187675
0.200235560536
0.324617922306
0.44693723321
0.390228033066
0.231273412704
0.458344429731
0.488107979298
0.219125956297
0.346492677927
0.280816674232
0.159839823842
0.277663558722
0.146016851068
0.317519873381
0.361774295568
0.187921643257
0.29657933116
0.342047214508
0.173944309354
0.100917890668
0.0668106600642
0.0577976927161
0.0852956101298
0.252285033464
0.361970096827
0.220410689712
0.254193335772
0.350912451744
0.2240267694
0.0905561000109
0.104540504515
0.0208063479513
0.115435086191
0.117156475782
0.245166540146
0.418930590153
0.285810351372
0.247400969267
0.337991505861
0.146051481366
0.030123911798
0.135656163096
0.255843251944
0.171114698052
0.376269519329
0.29611492157
0.123013548553
0.126707404852
0.203172311187
0.31699308753
0.199901461601
0.419555425644
0.429242432117
0.274853050709
0.183359533548
0.217503100634
0.504022657871
0.718542635441
0.52500808239
0.390317082405
0.69874548912
0.682075321674
0.369683355093
0.307097256184
0.504695296288
0.480690985918
0.252614527941
0.283416301012
0.403922438622
0.321738302708
0.173644557595
0.339960664511
0.460854381323
0.33091968298
0.287280976772
0.547559559345
0.49697470665
0.236559122801
0.353599458933
0.450406193733
0.31922107935
0.176012933254
0.352719187737
0.340454280376
0.160912126303
0.353957593441
0.362074613571
0.184902027249
0.358856528997
0.487237662077
0.387263655663
0.258652597666
0.551378369331
0.640665888786
0.335405260324
0.351601421833
0.405616104603
0.206045746803
0.128539770842
0.205627113581
0.169027253985
0.389206707478
0.510822415352
0.22918741405
0.330545961857
0.282758772373
0.0828163400292
0.0990402251482
0.130507826805
0.209232270718
0.140806823969
0.344801098108
0.318271636963
0.181938067079
0.408572942019
0.400759518147
0.184241265059
0.362707942724
0.295368403196
0.122563265264
0.187038838863
0.0613417550921
0.153690680861
0.0883279889822
0.220589131117
0.129497691989
0.0684744119644
0.00227468460798
0.0760357677937
0.156276509166
0.326488435268
0.191248297691
0.297442346811
0.340901762247
0.133447989821
0.107721604407
0.110041111708
0.208644509315
0.263470619917
0.229022473097
0.584363758564
0.433335393667
0.478544294834
0.73636752367
0.333620548248
0.460601687431
0.397031724453
0.103838115931
0.0871398597956
0.0656259953976
0.0840039327741
0.0884608253837
0.104110196233
0.115232817829
0.223824054003
0.23032669723
0.185064226389
0.3806617558
0.319255948067
0.158970028162
0.128771573305
0.146806791425
0.374922156334
0.591559350491
0.353858530521
0.265776664019
0.268181562424
0.0242446027696
0.129209250212
0.436834812164
0.48392161727
0.25291082263
0.438822031021
0.439102351665
0.37658572197
0.36201223731
0.243996977806
0.380910605192
0.590403258801
0.478956460953
0.255479514599
0.15641912818
0.226548865438
0.39377361536
0.419257164001
0.226575836539
0.0969621837139
0.0780003592372
0.0998638272285
0.181003719568
0.220203816891
0.239262506366
0.280082195997
0.231208175421
0.27215051651
0.552205681801
0.517974793911
0.213226050138
0.244288086891
0.279716879129
0.266672074795
0.158814802766
0.278325229883
0.412334471941
0.230644360185
0.669169485569
0.665478408337
0.321007221937
0.607620239258
0.596820175648
0.466978609562
0.333826005459
0.371603786945
0.752138733864
0.534392118454
0.317506283522
0.464595258236
0.192149028182
0.496751517057
0.273555487394
0.234720885754
0.17842553556
0.285684853792
0.686461389065
0.744799077511
0.392218232155
0.756664991379
0.734946489334
0.500023186207
0.485465914011
0.385485768318
0.664142370224
1.06732869148
0.564935445786
0.322582542896
0.230562001467
0.247345224023
0.334116339684
0.185257107019
0.228524848819
0.484756886959
0.915856778622
1.00574707985
0.545636177063
0.693822920322
0.832527458668
1.00641381741
1.33864879608
1.05508601665
0.701333880424
1.17097997665
0.982138335705
0.821879923344
1.14465367794
0.99142998457
0.803677141666
1.29660284519
0.564808666706
0.518977403641
1.79718196392
2.15182042122
1.042958498
1.75856161118
1.33204329014
0.922632753849
2.21868658066
2.85581707954
1.46384847164
2.75065565109
1.77621126175
0.896422147751
2.87049627304
3.95108175278
2.05313467979
2.47297143936
1.49299192429
1.73985099792
6.38000154495
9.1887254715
4.49563550949
4.52244377136
1.76861393452
3.07539200783
12.6433000565
19.6573085785
11.4215946198
7.64223861694
27.7161026001
31.7539901733
121.35269165
233.63458252
161.743103027
307.519439697
550.804931641
360.78994751
436.25881958
769.084960938
500.82611084
396.14541626
702.36541748
463.635528564
223.547439575
391.144226074
266.052398682
79.0738830566
71.7214736938
57.9360618591
66.959197998
86.5065536499
57.0851287842
42.7073974609
71.4497680664
45.6505317688
14.4135351181
21.926071167
10.3926172256
6.95316791534
10.0118284225
4.79917764664
8.58973503113
11.6830320358
8.99160575867
6.631046772
6.1943154335
7.13117218018
19.9849357605
24.275636673
11.1196985245
21.5020198822
23.8218154907
8.0546131134
18.6094093323
12.5628452301
12.3797035217
20.4342975616
9.63390827179
15.8472537994
19.3581752777
7.24846172333
13.1308269501
11.471121788
7.07209014893
15.4720554352
8.52800178528
12.5897083282
18.4478912354
12.9997396469
6.54492521286
8.36340522766
19.9529876709
32.0769119263
26.5329284668
20.3983592987
49.2378005981
49.7200012207
21.3804931641
39.248878479
50.1843299866
30.2931575775
15.9963006973
31.0997619629
32.0592460632
18.5304355621
11.6720457077
23.331703186
22.4637451172
9.67565631866
10.6489925385
13.3871154785
7.27840137482
2.00647711754
1.03153514862
1.52958655357
4.18327331543
8.63077735901
7.9776673317
3.69624018669
8.29192256927
10.6810598373
7.9599776268
4.00595140457
9.55798625946
13.9024705887
9.5769777298
7.24553155899
15.1882476807
11.6535491943
5.10459280014
10.3568811417
4.90893411636
5.59414196014
4.56236171722
9.05673503876
14.9077110291
7.17100381851
19.8714466095
24.7257900238
10.5690574646
22.2634983063
26.3401565552
10.1302499771
18.0466442108
17.9986171722
5.9417552948
15.1206159592
7.7736082077
13.5102777481
16.6645259857
6.93823719025
18.8672218323
14.664855957
7.10192108154
12.789182663
4.03337144852
6.88032579422
2.89792442322
11.2399272919
9.26293182373
8.59252166748
15.1535663605
7.6626329422
5.13623142242
4.80787324905
1.48833918571
5.09102630615
9.75062179565
5.27155256271
10.9353513718
13.1455688477
4.04084062576
6.78871822357
1.57136619091
6.94344377518
4.52494621277
17.7727489471
18.4112815857
10.3755960464
27.8590774536
24.4117927551
10.3132982254
25.5331459045
21.9197788239
7.66027450562
18.2772293091
15.559923172
5.46280956268
13.716753006
11.4628295898
4.65636396408
11.621723175
10.4286079407
3.74108529091
7.1750998497
8.30339813232
5.28702259064
2.1962518692
3.13332104683
5.64348697662
6.68647670746
4.44282960892
2.97818422318
6.59529066086
6.71148014069
3.52403640747
2.29510617256
4.65107870102
6.05527162552
4.92534160614
2.56397819519
7.2395734787
7.72202968597
2.79030704498
7.69542169571
5.82697820663
5.016746521
8.82730865479
3.61205458641
12.7882509232
11.5058822632
8.06918334961
19.2159633636
13.7976341248
9.2224407196
19.4584541321
14.2397785187
6.25647974014
14.9429912567
14.1438064575
5.39141225815
11.8589372635
15.6290006638
6.77214241028
13.7593021393
17.8904571533
6.60433340073
18.8301906586
19.1941318512
7.92818927765
22.8637104034
20.3679218292
8.43078136444
23.0895786285
24.8833961487
11.430562973
18.9758110046
32.956325531
26.1755981445
13.7958106995
37.9355812073
39.4722862244
15.0240287781
33.1631774902
39.1834259033
15.5796833038
20.9016628265
22.3343448639
4.93076753616
11.4015026093
6.51094818115
25.6154727936
17.8876686096
30.7830352783
55.7979888916
31.7453994751
42.4725799561
71.3159255981
40.7542648315
34.9744529724
60.2316131592
37.3082580566
14.5101137161
26.7959308624
21.7314300537
15.0374488831
11.9533634186
7.75347518921
23.6016387939
30.8562507629
15.194606781
17.7585353851
26.004535675
13.9847574234
5.34545660019
7.09411478043
4.1114320755
6.12013435364
10.0454540253
5.94999504089
9.78790378571
15.4087095261
7.19720077515
8.74189949036
10.8398704529
3.2094233036
4.96542596817
2.7606253624
1.66225123405
0.796672344208
4.2570476532
3.52772808075
4.00438213348
7.96619415283
5.24653768539
3.5091278553
7.67508554459
7.35417795181
3.51890921593
4.17763566971
8.18392658234
7.75759077072
3.04545259476
5.8672747612
7.91006946564
4.50333213806
2.05561852455
3.72429394722
2.87396287918
1.75435459614
1.58958995342
1.04330158234
2.5153298378
4.71462202072
3.45008587837
2.2613093853
5.33430671692
4.28988170624
1.5426440239
3.98994493484
3.85437917709
1.63850486279
1.4304305315
2.59653258324
2.94853615761
2.21436738968
1.12028539181
3.37720131874
4.51696968079
2.51162219048
2.93968105316
5.63177537918
3.78212785721
2.85139560699
6.24280118942
4.23936319351
2.94828462601
6.53477430344
5.19220876694
1.87562310696
4.74899578094
6.62252378464
5.91691303253
2.77112150192
6.22376060486
11.0764913559
9.24321269989
3.6757850647
10.1945352554
12.0052165985
6.7543888092
3.38021159172
7.20394277573
8.13832187653
6.36308002472
2.99121952057
3.86824846268
7.47315788269
7.66878223419
4.06781005859
3.04624819756
6.26668739319
6.19402551651
3.16592955589
1.9629919529
4.04962682724
4.01982498169
2.01768922806
1.65126335621
3.47237730026
2.66531658173
1.78035068512
4.92131614685
3.90591311455
3.07398557663
7.83576774597
6.63324260712
2.85971736908
8.32369613647
8.57501316071
3.57129263878
4.44482135773
7.2936000824
6.24497032166
2.66441202164
3.28146600723
5.59200668335
4.56411266327
1.76280713081
1.0942838192
1.54457366467
2.99460840225
5.29848861694
4.54024887085
3.45163416862
9.68350124359
7.89481115341
5.04055356979
12.8123626709
7.93551635742
9.08886814117
16.5749664307
7.94940710068
13.0587501526
19.9533805847
9.38804531097
12.2478570938
18.8319396973
9.88870239258
6.7501077652
11.1069011688
5.71105957031
1.3190176487
0.155657872558
3.49130153656
2.23021769524
8.33085823059
13.0649051666
6.28732347488
11.2485227585
17.6378498077
9.01098632812
9.60623550415
15.7801465988
8.32453155518
5.89414072037
9.85923194885
5.00232458115
2.57798171043
3.73647260666
0.785043120384
2.45333433151
1.46147787571
3.93171977997
7.52098608017
4.91142749786
7.07675123215
15.7844438553
12.5880250931
8.05471134186
22.6446285248
20.1407108307
7.35105228424
23.5303440094
22.1259784698
6.24385786057
16.9200153351
16.2714252472
4.67388916016
6.17448234558
5.02385663986
1.8146930933
3.26702976227
5.71532201767
2.93863606453
6.48583936691
10.1963596344
5.83977508545
3.61258792877
6.98618841171
5.2777671814
2.18962979317
0.898005723953
1.11324620247
3.25206565857
5.94056272507
5.73451948166
2.15792989731
6.50360441208
9.25722122192
5.65502595901
3.26339888573
7.4496254921
6.40250062943
2.36395931244
1.58933281898
2.21819710732
2.95271801949
4.37509346008
4.24472284317
1.68556427956
4.61313343048
7.03944587708
5.51636171341
1.87051475048
4.4532456398
6.36494445801
4.45581293106
1.17772328854
2.07618284225
1.18815541267
0.782634675503
3.03645920753
4.97293996811
2.49409842491
3.47798752785
3.90123510361
0.628277599812
1.20893132687
8.01605224609
13.8259658813
5.74905490875
21.011592865
29.9707622528
12.9964828491
22.7821426392
34.2991333008
17.7782649994
12.9244556427
22.404706955
13.0491294861
3.03089976311
5.27705621719
1.95437347889
0.734210729599
3.33850049973
4.75586938858
2.18881201744
1.73844718933
1.67718183994
0.259072899818
1.41613793373
4.79524421692
5.73827648163
2.11661243439
5.71182537079
7.76765155792
4.73064517975
1.36025631428
2.62846970558
3.72720456123
5.05763673782
4.89321565628
1.74783754349
5.61466503143
7.0237197876
2.37423753738
4.5246925354
4.32357931137
2.45370173454
6.41503572464
2.76451611519
7.14690876007
10.4824886322
4.57202100754
7.19098711014
11.313583374
7.17436075211
2.19820404053
5.40639734268
6.80212783813
7.58128929138
6.70549106598
3.00211191177
12.1019077301
18.5642948151
11.638671875
10.3596925735
24.8026256561
21.4663352966
6.33832740784
21.8939304352
24.180683136
9.16064071655
12.1123075485
17.3309593201
9.606590271
2.88081884384
6.14039421082
4.11798715591
1.18225538731
0.850113689899
2.45368766785
3.06136226654
1.30124938488
4.62371206284
7.67102527618
5.41544818878
2.67503190041
7.44359064102
6.34775495529
1.44093227386
3.14394545555
1.85648584366
0.504904687405
0.649352371693
3.41909265518
3.56203556061
1.2855091095
4.60656118393
4.63546848297
1.72378098965
1.69927895069
2.75536179543
2.90338921547
2.3529419899
0.840611815453
3.069678545
4.49374341965
2.3992061615
2.47238588333
4.87190532684
3.35209822655
1.3711861372
3.9618575573
3.62275004387
1.14655780792
1.92077636719
2.73776650429
2.03047585487
0.815386533737
0.68687582016
1.52266335487
1.8515650034
1.34774005413
0.421293765306
0.673951864243
1.00123822689
1.4048614502
1.90268886089
1.4541913271
1.1355162859
3.42808532715
3.4380569458
0.929813027382
3.06548309326
3.33209848404
0.916294753551
1.83243882656
1.6869468689
0.325270205736
1.12760400772
0.465122461319
0.75875723362
1.01847887039
0.57340246439
0.201822474599
0.577425301075
1.38180887699
1.76938998699
0.750123083591
1.80669462681
2.97953677177
1.69304728508
1.39659845829
2.9361550808
2.09048032761
0.63266903162
2.14989519119
2.25177311897
0.855418562889
1.47981977463
2.53295946121
1.59974300861
1.01255738735
2.50459361076
1.93955075741
0.485142320395
1.61692619324
1.60661900043
0.775136351585
0.312116354704
0.886704623699
1.17591297626
0.761099040508
0.416765719652
1.1007027626
0.735458612442
0.429796874523
0.934205293655
0.410695761442
0.635727524757
0.968556582928
0.497885227203
0.35457187891
0.839069604874
1.08300590515
0.968637049198
0.356186807156
1.6847962141
2.56028342247
1.33159005642
1.84742546082
3.44691061974
1.92670238018
1.67273199558
3.1160697937
1.36646127701
1.75820124149
2.49020028114
0.659254550934
2.2501168251
2.82269430161
1.05691373348
2.26792955399
3.89197921753
2.68114089966
1.31815576553
4.03521251678
3.55849790573
0.766158878803
2.97358012199
2.09615588188
1.37218677998
2.81749248505
0.772109806538
3.79297614098
4.75272369385
1.69787597656
3.52873516083
5.61444568634
4.38068675995
1.61556124687
1.90075659752
4.18715238571
5.73521137238
5.210044384
2.05261588097
4.09738636017
7.93396997452
7.81439590454
3.56591272354
3.69321417809
8.07797622681
8.09975719452
3.6503162384
3.15578269958
6.29694604874
5.10091209412
1.43528449535
1.82266163826
1.86099398136
0.45403200388
0.241911813617
0.548239946365
1.5717676878
1.55987477303
0.538346350193
0.811260163784
1.29503452778
1.43582582474
1.48231911659
1.23201811314
0.420643538237
1.56082606316
2.36734485626
1.67980742455
0.356196373701
0.816084265709
0.555588185787
0.0518155843019
0.390633821487
1.37195694447
1.7724956274
0.991125583649
0.778690636158
1.9170345068
2.12501692772
1.56437599659
0.62487000227
0.917970895767
1.90910959244
1.99046385288
1.01363253593
0.525720894337
1.16333937645
0.76189237833
0.11738422513
0.524491786957
0.442055761814
0.301939547062
1.09653735161
1.64845323563
1.68564176559
1.068541646
0.664550542831
2.53322815895
5.42096567154
7.60593652725
5.855864048
3.54831409454
14.1260919571
20.6131687164
15.0656232834
6.32025384903
25.1717910767
34.3549079895
23.8673744202
8.49469184875
33.6881713867
44.4641265869
29.5176830292
9.86668968201
37.0370025635
45.0304870605
27.2267246246
8.56665706635
29.2853317261
34.3638534546
22.6270771027
5.5115146637
15.8839120865
23.6654834747
19.7349128723
7.79652118683
6.87992477417
13.1957387924
12.5709409714
8.58064365387
4.02962636948
3.1923596859
9.67883205414
12.6845626831
7.7508687973
3.63713979721
9.82474708557
7.17102241516
1.04888820648
3.37683224678
1.04087924957
5.79361104965
3.63041257858
6.18164968491
13.2475414276
10.8700561523
2.7712123394
12.6703386307
16.9292449951
11.4825534821
3.03732657433
12.8476400375
17.6560821533
12.6608390808
2.89034461975
11.8320703506
15.1639137268
9.42736625671
2.02317142487
7.27282571793
7.75499868393
4.00282669067
0.820897102356
2.21026110649
0.741221129894
1.79026651382
2.46912193298
0.743254840374
3.91560292244
6.67666435242
6.34141302109
2.60021400452
4.86660671234
10.7317342758
11.4506807327
5.43934106827
5.13731575012
11.5347576141
11.3781528473
6.19719743729
1.68137860298
5.92676591873
9.33062744141
9.78238677979
5.76430940628
3.07761120796
9.79671287537
10.7825508118
4.97919273376
3.57426428795
7.10029029846
4.59216356277
0.66148519516
2.05140423775
0.433006048203
2.89041996002
1.83659076691
2.46459960938
5.14584589005
3.76633810997
0.748782396317
2.85606527328
2.33860063553
0.482218712568
0.255681008101
2.4117026329
4.40622806549
2.73064827919
4.13896846771
10.8879966736
11.6102676392
3.66165041924
10.9496793747
18.7407550812
13.9974651337
3.36829972267
15.7900657654
18.9120903015
10.1793556213
4.16010856628
12.1330108643
12.9102010727
8.18581962585
2.00191831589
5.73278808594
10.040225029
9.89434242249
4.58508396149
4.05278205872
9.36114692688
8.82383728027
3.16672635078
4.07456636429
7.19764852524
5.42217683792
0.998074889183
4.01019954681
4.9600315094
2.43898916245
1.70903110504
3.92550349236
3.09326267242
0.54596298933
2.12366342545
2.36095666885
1.22351980209
0.322365134954
0.224010765553
0.191048413515
1.07627153397
2.3592672348
2.61085629463
1.20387649536
1.55458927155
3.61428713799
3.81431460381
1.67977142334
1.95806479454
4.06755495071
3.27058053017
0.588663041592
2.19616746902
2.34326696396
0.754277527332
0.772253215313
0.926961898804
0.23154117167
0.519919037819
0.797569155693
0.590778410435
0.190232694149
1.01629471779
1.48093426228
0.933433532715
0.454004824162
1.34517920017
1.17630183697
0.300726801157
0.407446920872
0.234343633056
0.250918358564
0.203998714685
0.584782600403
1.24958229065
0.91691505909
0.480621010065
1.49873507023
1.08129549026
0.468906879425
1.27251219749
0.367368489504
1.39710867405
1.70515501499
0.326398670673
2.16909503937
2.40855264664
0.710790753365
1.47764205933
2.17894816399
1.39032888412
0.234862759709
1.1854994297
1.40727722645
0.574529588223
0.792530298233
1.35146844387
0.539364218712
1.09495949745
1.80136537552
0.871943473816
0.892815649509
1.74085104465
1.19782102108
0.164112687111
0.590409040451
0.361335128546
0.0781251192093
0.386960297823
1.0084348917
1.17129695415
0.424238413572
0.99574637413
1.91905367374
1.80492758751
0.700726389885
0.891105115414
1.79562056065
1.65052485466
0.719247162342
0.336091667414
0.783379495144
0.781879067421
0.680418789387
0.612638771534
0.349790245295
0.246656313539
0.827143847942
1.03477096558
0.56933259964
0.341857820749
0.900581598282
0.651869058609
0.217135280371
0.810060381889
0.603281378746
0.22798037529
0.842568933964
0.925573050976
0.537635207176
0.234817221761
0.983974397182
1.46235346794
1.12826752663
0.2396825701
1.41639328003
1.78076803684
1.0058157444
0.334453374147
1.17922127247
1.29106426239
0.761512815952
0.151661336422
0.811925590038
1.03850257397
0.591282129288
0.29356738925
0.896518588066
0.79013210535
0.117704316974
0.839543700218
0.868770360947
0.131578788161
0.856754899025
0.98947930336
0.245774582028
0.76824349165
1.12971758842
0.708672463894
0.271321088076
1.14954662323
1.5205489397
0.953538656235
0.539498507977
1.86273312569
2.10376954079
1.02618420124
0.703451991081
1.85826528072
2.11617493629
1.53451704979
0.428872793913
1.15020978451
2.35517048836
2.69065761566
1.73903822899
0.508135080338
2.5635201931
3.59838604927
2.70965242386
0.507047712803
2.23267912865
3.44721198082
2.98408222198
1.27750253677
1.04507851601
2.72339653969
3.09822940826
1.93696320057
0.317758589983
1.67244100571
2.21873021126
1.8570176363
0.964035212994
0.269342124462
1.1762008667
1.57488799095
1.31173861027
0.66188031435
0.161905795336
0.734493434429
1.11032438278
0.994146227837
0.391112327576
0.205190360546
0.300666213036
0.119624108076
0.0880258455873
0.368549138308
0.734225511551
0.866153001785
0.626363575459
0.144378527999
0.962494075298
1.7314081192
1.84735023975
1.12380123138
0.43370527029
2.0190103054
3.06376695633
2.68672466278
0.754780590534
2.05497908592
3.61525082588
3.14357495308
1.14168679714
1.1639674902
2.36106729507
2.3303861618
1.49977207184
0.500037312508
0.411645770073
0.964235365391
1.42638409138
1.7492685318
1.52430784702
0.538203001022
1.10001933575
2.38954019547
2.51214528084
1.24034154415
0.839850187302
2.27087163925
2.25900197029
0.932427585125
0.67461681366
1.41556191444
1.22411680222
0.483234316111
0.34193649888
0.858538925648
0.903317153454
0.313444972038
0.653532981873
1.19572842121
0.852957308292
0.224760577083
1.11665475368
1.19983386993
0.423899918795
0.472713559866
0.743247687817
0.372559428215
0.186748802662
0.391919612885
0.130749627948
0.535554587841
1.31452822685
1.46155631542
0.295954883099
2.25150132179
3.94685459137
3.05971646309
0.637826442719
4.12447977066
5.37947511673
3.59045553207
0.501409888268
3.35754275322
5.0970659256
4.75841617584
2.43001365662
1.38196265697
4.70997953415
6.01467657089
4.30614900589
0.631732225418
3.73339939117
5.50564098358
4.51873731613
1.81797111034
1.35750722885
3.60643577576
4.49930715561
3.54715561867
0.890170395374
2.50889515877
4.39597225189
3.81437277794
1.25820958614
1.75993585587
3.30401396751
2.88105034828
1.08396852016
0.939646959305
1.97412312031
1.81848192215
0.881421685219
0.278317898512
1.03039216995
1.16349363327
0.694705545902
0.0777500122786
0.527431249619
0.660681605339
0.438165932894
0.0538961626589
0.30907779932
0.358420014381
0.0643077194691
0.251389890909
0.199584946036
0.147537261248
0.325794160366
0.140854403377
0.148472964764
0.184518426657
0.0488286018372
0.224667981267
0.123037956655
0.266275167465
0.728568792343
0.799051880836
0.133711576462
1.09598362446
1.73138415813
1.10046935081
0.469464927912
1.64693164825
1.63947141171
0.672574102879
0.459528446198
1.0455520153
0.861544787884
0.214418128133
0.288556754589
0.147794514894
0.381902813911
0.558990418911
0.0783315375447
0.848977565765
1.11961996555
0.722133219242
0.0942737013102
0.553354084492
0.915270626545
0.958372294903
0.646921575069
0.148262128234
0.293645769358
0.567021369934
0.905513048172
1.17234754562
0.850338160992
0.176274746656
1.20561313629
1.64169001579
1.22045302391
0.318260252476
0.728298902512
1.48769831657
1.52322113514
0.620054662228
0.69800567627
1.40081346035
1.03042733669
0.0864237695932
0.72869181633
0.74348115921
0.239864706993
0.336131572723
0.577125430107
0.295706927776
0.275836348534
0.556361854076
0.274840921164
0.29650080204
0.517429828644
0.175359115005
0.337402701378
0.50644415617
0.332531183958
0.0414403416216
0.437006592751
0.767494380474
0.660204410553
0.0744728147984
0.81804049015
0.955074369907
0.322629898787
0.305776745081
0.302533149719
0.0102660851553
0.0591547824442
0.540901958942
0.724687755108
0.153453692794
0.726488471031
0.91321182251
0.263071507215
0.527107834816
0.591314017773
0.127805620432
0.795040786266
0.601687788963
0.381513118744
1.26513254642
1.18696177006
0.157551988959
1.14297914505
1.66681659222
1.07731246948
0.372321903706
1.74997437
1.9621270895
0.581247210503
1.4957947731
2.51180768013
1.54357194901
0.654298603535
2.25081038475
2.25333189964
0.922800004482
0.783782839775
1.80030524731
1.75130844116
0.961334347725
0.142467677593
0.420980840921
0.892387092113
1.66286861897
2.17756009102
1.3775908947
0.898750543594
3.08717012405
3.48260855675
1.63667798042
1.21378457546
3.10861444473
3.1072704792
1.4115780592
0.860389709473
2.25754785538
2.1144297123
0.807673513889
0.578775048256
1.06160092354
0.550793588161
0.187303215265
0.227647155523
0.52551484108
1.15963709354
0.669141471386
0.826720118523
1.90533125401
1.48869025707
0.117108948529
1.2923053503
1.47919011116
0.889310896397
0.125189885497
0.542590677738
0.939908921719
0.889445722103
0.375548094511
0.205191522837
0.477489411831
0.501087009907
0.50417047739
0.409044265747
0.0428896285594
0.595916211605
0.814811468124
0.42258772254
0.244727090001
0.629344522953
0.52582526207
0.159973353148
0.226262882352
0.459267854691
0.503954529762
0.30922216177
0.166016161442
0.70701277256
0.915889263153
0.535542786121
0.293034344912
1.04552745819
1.25700056553
0.788318455219
0.188945114613
1.1520087719
1.56514596939
1.06919741631
0.110072396696
1.10113525391
1.40290820599
0.983086287975
0.252039462328
0.471618235111
0.995785534382
1.13458299637
0.743538498878
0.0660713762045
0.762286305428
1.14951598644
1.04898202419
0.44918847084
0.549614131451
1.42520499229
1.50961792469
0.584881484509
0.796987891197
1.666005373
1.51105880737
0.505082070827
0.757582366467
1.53520810604
1.44835817814
0.580249488354
0.529614388943
1.20420515537
1.1938470602
0.651662528515
0.0936408862472
0.653619229794
0.818858265877
0.613910794258
0.266551613808
0.0348111130297
0.166474491358
0.445781707764
0.758560240269
0.734979987144
0.233570247889
0.492442637682
0.966241776943
0.923699438572
0.411576300859
0.372515320778
1.00466930866
1.03359472752
0.31455886364
0.661539614201
1.08830499649
0.648271620274
0.263880968094
0.914791941643
0.932780206203
0.352487415075
0.560758054256
1.3435832262
1.46478056908
0.552450895309
1.10310781002
2.39927506447
2.35847902298
0.775063097477
1.54560911655
3.23278522491
3.30562114716
1.59459149837
1.21358168125
3.69135117531
4.46520662308
2.88950610161
0.438357681036
3.6618771553
5.06378126144
3.78924632072
0.652577996254
2.65290594101
4.32607460022
3.7531952858
1.60974633694
0.801119744778
2.307107687
2.55874991417
1.99077486992
1.22985231876
0.460463196039
0.488454461098
1.65074217319
2.66442251205
2.77890872955
1.52141654491
0.722679018974
2.84121370316
3.68466639519
2.68892526627
0.446768403053
1.84310698509
2.9793112278
2.61610364914
1.25360059738
0.304082036018
1.40310239792
1.79856145382
1.45810341835
0.677384912968
0.147655591369
0.681235134602
0.833593726158
0.756868302822
0.570418119431
0.215318888426
0.265006273985
0.565049827099
0.468872070312
0.0447095967829
0.27771371603
0.13177151978
0.316073149443
0.567037463188
0.411509424448
0.0521375909448
0.562706828117
0.913042247295
0.937283754349
0.465759336948
0.431284189224
1.18841207027
1.23430478573
0.59377515316
0.214880406857
0.672075986862
0.704632639885
0.55751490593
0.390128582716
0.133964851499
0.19602958858
0.484436035156
0.595679283142
0.439063936472
0.123095817864
0.1371781528
0.276430100203
0.366499632597
0.417225748301
0.359420925379
0.0561948306859
0.414186984301
0.65465503931
0.439337342978
0.0408397242427
0.395007163286
0.446405112743
0.308883756399
0.141266152263
0.0879059061408
0.424641340971
0.644799113274
0.46937328577
0.0883738771081
0.64180546999
0.82311886549
0.558313786983
0.115205675364
0.32410416007
0.721339285374
0.942000806332
0.707852065563
0.0331084392965
0.769063949585
1.08953511715
0.766220748425
0.154832094908
0.343981415033
0.563257336617
0.515308141708
0.347778856754
0.239134430885
0.180439829826
0.0402673184872
0.492738455534
0.880891799927
0.70622086525
0.0367041490972
0.670768499374
0.713093400002
0.368222892284
0.0719776004553
0.0880162715912
0.285742789507
0.504483520985
0.407540619373
0.0589188151062
0.493450939655
0.535081982613
0.20060954988
0.285037308931
0.593017339706
0.496247678995
0.0452213585377
0.433526933193
0.544029951096
0.307908892632
0.0808174088597
0.0200657062232
0.166950643063
0.434183418751
0.534472286701
0.288859188557
0.107487946749
0.3547321558
0.414837121964
0.40569883585
0.307827740908
0.0248444676399
0.305004745722
0.45408526063
0.425339788198
0.327357858419
0.0917157679796
0.324340432882
0.671181440353
0.584334433079
0.054117064923
0.443111896515
0.503901064396
0.238253682852
0.0488281473517
0.206856846809
0.227161571383
0.138826012611
0.0390867330134
0.167589023709
0.138509646058
0.00986480619758
0.0788899809122
0.0100692491978
0.069131270051
0.0203014407307
0.137798681855
0.246860817075
0.139115452766
0.147188574076
0.374656766653
0.326322704554
0.0414476059377
0.255742490292
0.345267504454
0.217696607113
0.00569194275886
0.18692342937
0.246646538377
0.118961170316
0.0685988664627
0.177300959826
0.177675873041
0.108990617096
0.0293070729822
0.236092492938
0.404260218143
0.326379209757
0.0490033067763
0.482045412064
0.650688588619
0.474446564913
0.0340578369796
0.461905896664
0.728970527649
0.621855914593
0.189285308123
0.264841943979
0.492025077343
0.502545416355
0.41444337368
0.217996969819
0.117351509631
0.413025587797
0.472814559937
0.335447013378
0.158372655511
0.0405388176441
0.117522321641
0.363747566938
0.531717598438
0.463558077812
0.178730130196
0.225398764014
0.59003329277
0.709119439125
0.454187780619
0.087896451354
0.570060312748
0.669505178928
0.365190476179
0.0488572716713
0.294767618179
0.295239120722
0.157697632909
0.0494230948389
0.0394925326109
0.0493984855711
0.00981574878097
0.108017787337
0.15735180676
0.147657349706
0.118259511888
0.0692572370172
0.0881614536047
0.285020858049
0.314975380898
0.0990147069097
0.166810080409
0.235989376903
0.108380064368
0.00976746156812
0.00983225367963
0.0688684657216
0.0493710748851
0.0588035285473
0.137523576617
0.176986590028
0.147689908743
0.020251493901
0.166830435395
0.265393733978
0.147757768631
0.0783784538507
0.167063727975
0.0297096036375
0.12770883739
0.0886672288179
0.10784471035
0.26526427269
0.206621944904
0.0108243897557
0.186387732625
0.294655263424
0.275277525187
0.108509033918
0.117553718388
0.2650590837
0.245633304119
0.157344475389
0.0886520370841
0.010542081669
0.18627768755
0.422157108784
0.432428687811
0.0794507488608
0.37266522646
0.549849629402
0.353888660669
0.0303024947643
0.205841675401
0.333628356457
0.382925093174
0.304666906595
0.0207443218678
0.343192636967
0.500599980354
0.304649114609
0.0488374494016
0.24520380795
0.166883870959
0.0294790472835
0.0391988568008
0.166770428419
0.235610812902
0.127870023251
0.107656441629
0.333394140005
0.431715786457
0.363279879093
0.118258744478
0.23505628109
0.509897768497
0.588674604893
0.392801314592
0.0108519531786
0.421392679214
0.60804516077
0.471042454243
0.118171446025
0.225287601352
0.343163788319
0.235469087958
0.00170650880318
0.176480054855
0.0786549076438
0.31357049942
0.568790197372
0.284884274006
0.450486660004
0.950878322124
0.676890075207
0.0295191816986
0.440866619349
0.372452676296
0.274444878101
0.372489929199
0.411880999804
0.069148465991
0.411368846893
0.499821811914
0.254923343658
0.137262359262
0.24506175518
0.255014836788
0.078158326447
0.548489689827
0.734912097454
0.499993145466
0.0788406655192
0.264275610447
0.479921042919
0.519239902496
0.45077291131
0.284337818623
0.010176689364
0.381811857224
0.607260882854
0.509488165379
0.166759625077
0.127185821533
0.166427910328
0.176225230098
0.303577154875
0.293880879879
0.0589103363454
0.146836608648
0.0489926561713
0.176275402308
0.0980753675103
0.313196897507
0.548337817192
0.323271363974
0.00210500066169
0.117390751839
0.195713043213
0.4013197124
0.597217142582
0.450518786907
0.0196467228234
0.450137853622
0.626447141171
0.587396264076
0.35256510973
0.0683812126517
0.430550724268
0.49916946888
0.293694406748
0.0881526023149
0.0685512199998
0.0881458744407
0.0586483888328
0.244596630335
0.313137382269
0.293597012758
0.234910920262
0.117513716221
0.0586335398257
0.303250730038
0.469639748335
0.430562347174
0.22513499856
0.0292973145843
0.224952459335
0.322810739279
0.410879194736
0.489186495543
0.34250921011
0.0879367291927
0.508596777916
0.606490194798
0.42067822814
0.225049898028
0.117468468845
0.146627083421
0.577010512352
0.753145575523
0.440230816603
0.0292982496321
0.303120940924
0.420504271984
0.537888944149
0.508599638939
0.0979163944721
0.449774116278
0.55741339922
0.185847789049
0.0977656543255
0.00978666357696
0.176013633609
0.0978178679943
0.175968721509
0.303102433681
0.224897623062
0.13690431416
0.0586941242218
0.117293126881
0.33239531517
0.351974904537
0.127134203911
0.185717314482
0.342156946659
0.263968527317
0.0489130467176
0.20526444912
0.351913720369
0.263957738876
0.0586199387908
0.400751054287
0.498525321484
0.224857926369
0.244323596358
0.527800679207
0.43008133769
0.0977735742927
0.195455119014
0.283429920673
0.234568327665
0.15638333559
0.0488791465759
0.0684021860361
0.117270834744
0.0977270379663
0.0879537016153
0.107499361038
0.0879573449492
0.0293095316738
0.127034083009
0.0879495367408
4.73337713629e-05
0.00976986065507
0.117257781327
0.127033427358
0.00976605713367
0.185647428036
0.205195009708
0.0293202064931
0.127017647028
0.0977097153664
0.0683899372816
0.185639083385
0.0977097079158
0.12700624764
0.263790905476
0.234482482076
0.146553635597
0.0390870496631
0.166076675057
0.410317271948
0.47870695591
0.205167353153
0.234452351928
0.449377417564
0.371226191521
0.195383638144
0.0488498359919
0.126989036798
0.293057203293
0.312595039606
0.166067332029
0.0293023716658
0.107449740171
0.117217727005
0.146521866322
0.117217630148
0.0097666233778
0.126981809735
0.0879110768437
0.0781406089664
0.195352897048
0.146515086293
0.0586028546095
0.283253788948
0.390694350004
0.244184225798
0.097669750452
0.351616024971
0.322314023972
0.156273066998
0.0879032537341
0.087902918458
0.058599755168
0.341836214066
0.419969171286
0.156267687678
0.126965239644
0.107432089746
0.0781321153045
0.0390664413571
0.302757978439
0.585981607437
0.449251353741
0.0195317007601
0.47854450345
0.683633029461
0.605501532555
0.312516123056
0.0878940969706
0.478535473347
0.732450246811
0.72268217802
0.39063808322
0.214849680662
0.761738777161
0.859395503998
0.419930964708
0.126955375075
0.371099859476
0.322270274162
0.273440897465
0.302737593651
0.205079972744
0.117188341916
0.361330270767
0.292970150709
0.0585939623415
0.0585939064622
2.1094456315e-07
0.0488281808794
0.039062526077
0.156250044703
0.146484389901
0.01953125
0.0781250074506
0.0683593973517
0.0585937909782
0.156250178814
0.0585938580334
0.185547366738
0.351563751698
0.253907442093
0.0488284341991
0.312502324581
0.351565629244
0.234377458692
0.0390629470348
0.185549601912
0.341802537441
0.322271645069
0.0878923758864
0.214848965406
0.361337721348
0.253913611174
0.0195320714265
0.253915399313
0.302746087313
0.156256407499
0.0781288519502
0.244152903557
0.273452073336
0.13672631979
0.0976626500487
0.253923177719
0.185559749603
0.0195330623537
0.107430517673
0.00976662151515
0.126964464784
0.0292991753668
0.18556599319
0.244166359305
0.126966655254
0.0293011963367
0.146503135562
0.253939479589
0.28324085474
0.0683675482869
0.253945410252
0.33208283782
0.117205053568
0.0976739153266
0.117208562791
0.0976747050881
0.146511882544
0.058603413403
0.224657461047
0.380940049887
0.107441879809
0.341879159212
0.468861013651
0.214892879128
0.0781494304538
0.244208067656
0.361427992582
0.410269320011
0.156288638711
0.322370052338
0.595888853073
0.380974888802
0.0488532036543
0.302841335535
0.302839934826
0.205148488283
0.0293028261513
0.205160930753
0.322391033173
0.166075691581
0.166091918945
0.3517126441
0.244240760803
0.0097835464403
0.234489455819
0.371269375086
0.341954261065
0.0781506225467
0.312671333551
0.527617633343
0.332193881273
0.127039566636
0.390846252441
0.21495705843
0.127035051584
0.175881281495
0.107497140765
0.312692970037
0.1270198524
0.20522287488
0.244299784303
0.0195379517972
0.0879503786564
0.0781873241067
0.244313687086
0.107485093176
0.175929397345
0.302968800068
0.224776864052
0.136816427112
0.0586271286011
0.068434804678
0.234586566687
0.342091470957
0.312759369612
0.1661375314
0.0880057066679
0.371459066868
0.498510658741
0.342094749212
0.0488449595869
0.205313548446
0.371482640505
0.420342087746
0.254135668278
0.127133592963
0.420385301113
0.273707419634
0.156458258629
0.342175275087
0.0586266219616
0.322667986155
0.400849193335
0.175948858261
0.146714121103
0.361800283194
0.41066250205
0.26396638155
0.0391829013824
0.293388396502
0.322694033384
0.205333888531
0.0782040134072
0.0489283613861
0.146708548069
0.146690025926
0.0293255280703
0.0782428383827
0.0195431318134
0.166286632419
0.244502186775
0.127106323838
0.0978741422296
0.332603603601
0.45971506834
0.293372362852
0.137061715126
0.489152193069
0.430378854275
0.0390743017197
0.215249747038
0.078242816031
0.127186074853
0.0782276690006
0.156592130661
0.303309321404
0.254348486662
0.127132445574
0.0588116459548
0.313191115856
0.518613934517
0.430454343557
0.0195729043335
0.440486192703
0.645877420902
0.450046151876
0.0199318565428
0.460091382265
0.567623138428
0.293491989374
0.137176662683
0.371985942125
0.322965681553
0.146745577455
0.0490527525544
0.234993562102
0.332815259695
0.215267628431
0.0980391353369
0.352489411831
0.342596530914
0.117379009724
0.107815660536
0.274207472801
0.352455735207
0.215288922191
0.127465590835
0.411319941282
0.362214058638
0.00987877324224
0.274287998676
0.283969342709
0.117438688874
0.0392750129104
0.156749457121
0.176273599267
0.0587023943663
0.0979921594262
0.0783296972513
0.0881935507059
0.137081205845
0.0882925912738
0.303698629141
0.205606505275
0.0687499269843
0.205805048347
0.195958942175
0.244920641184
0.284004926682
0.0101663451642
0.519561886787
0.734808206558
0.303396731615
0.402179151773
0.695818960667
0.421156078577
0.0494118072093
0.294154077768
0.254798442125
0.0979336649179
0.00988308526576
0.0294185075909
0.019609933719
0.0489882640541
0.00976648833603
0.0784850791097
0.107840798795
0.0783992782235
0.0489789620042
0.0391645543277
0.00994695536792
0.0981369763613
0.166717588902
0.156829014421
0.0783386155963
0.0296203792095
0.176643267274
0.254971504211
0.166566178203
0.0688944458961
0.215835928917
0.117603249848
0.0785632878542
0.117637701333
0.0786631852388
0.274704098701
0.2254293859
0.0690950751305
0.353365153074
0.362894147635
0.137094959617
0.108226299286
0.196375012398
0.196293741465
0.235484540462
0.235315978527
0.00395676493645
0.343780010939
0.421903014183
0.107650630176
0.216162204742
0.176579460502
0.0982887223363
0.137276038527
0.147536188364
0.333754599094
0.156784296036
0.127965673804
0.225905507803
0.176684051752
0.147165998816
0.0783365815878
0.137795478106
0.294634968042
0.147068291903
0.108235634863
0.0883149579167
0.117901101708
0.0685297176242
0.275300115347
0.382820338011
0.0403840318322
0.491450697184
0.39254578948
0.0891703143716
0.334213227034
0.196328908205
0.0293587762862
0.0588841736317
0.0685811564326
0.128127500415
0.324372053146
0.245368421078
0.0302369445562
0.226305171847
0.216187089682
0.107956834137
0.0195513218641
0.0097714914009
0.0392022021115
0.0298603661358
0.206700891256
0.304672837257
0.147047206759
0.148040831089
0.285279124975
0.186667174101
0.0981613323092
0.0882547795773
0.049802262336
0.32490709424
0.412770211697
0.0488486401737
0.42353400588
0.471805602312
0.0585937537253
0.315376788378
0.383628726006
0.235677435994
0.0197771005332
0.256471723318
0.452714174986
0.343815267086
0.0409256182611
0.344931721687
0.314780026674
0.107950419188
0.0195471700281
0.0392147675157
0.00983484182507
0.0889652967453
0.177428543568
0.246148362756
0.275356560946
0.156846538186
0.198125332594
0.561721265316
0.550807654858
0.127094447613
0.365526467562
0.541751682758
0.334162682295
0.0218403767794
0.286220341921
0.334773391485
0.147165521979
0.168285444379
0.384307295084
0.275134980679
0.119710348547
0.512948989868
0.541299104691
0.136887922883
0.405497074127
0.660422682762
0.452331542969
0.0158030875027
0.385412037373
0.463306099176
0.324644356966
0.0683782547712
0.237651020288
0.453709751368
0.354083448648
0.0907645598054
0.53312432766
0.492122292519
0.0524750985205
0.533416926861
0.502308905125
0.0879381224513
0.217977404594
0.266601502895
0.236733227968
0.265998363495
0.147128298879
0.188797965646
0.424552977085
0.285449355841
0.0123904459178
0.148427441716
0.0987208038568
0.0789624005556
0.0787769556046
0.0300587750971
0.147992148995
0.00501787662506
0.306397557259
0.29529646039
0.130254641175
0.474356383085
0.324843257666
0.110184490681
0.276654481888
0.078534014523
0.118735641241
0.0786719471216
0.0499531514943
0.12871915102
0.177880838513
0.23676559329
0.176836386323
0.120724856853
0.495153695345
0.621920526028
0.34398034215
0.16142617166
0.554887413979
0.602582991123
0.37426134944
0.107553325593
0.140568882227
0.376918137074
0.494389206171
0.374627143145
0.0978196188807
0.08062890172
0.119710758328
0.218697845936
0.465346336365
0.52305662632
0.156506314874
0.318861186504
0.465454220772
0.335925966501
0.266542464495
0.285728096962
0.0493602305651
0.447674870491
0.712438166142
0.433425933123
0.0446501076221
0.308367043734
0.356749653816
0.355945408344
0.256051272154
0.072334267199
0.387061834335
0.335765630007
0.0143227670342
0.218184828758
0.078618876636
0.139032557607
0.118246659636
0.0901678651571
0.217966169119
0.128005102277
0.0606368519366
0.16879093647
0.148295104504
0.0589791424572
0.0195319484919
0.011562041007
0.159681558609
0.386619180441
0.345077991486
0.123511187732
0.635962665081
0.64252358675
0.088142156601
0.468442201614
0.505183875561
0.186958283186
0.0314253270626
0.0207209922373
0.0407400950789
0.159453034401
0.227937892079
0.0983615964651
0.0503346063197
0.00993266794831
0.078948289156
0.0415368787944
0.278570383787
0.306584984064
0.0213602036238
0.289001584053
0.267142623663
0.0227984953672
0.1988299191
0.10838201642
0.0805608481169
0.169014647603
0.158398851752
0.108320988715
0.0146259516478
0.23996399343
0.407204598188
0.335807740688
0.0182475689799
0.340283036232
0.506859719753
0.405347675085
0.059051848948
0.330609053373
0.476909011602
0.266258537769
0.132107764482
0.298348069191
0.108157753944
0.150102004409
0.168387383223
0.00639034621418
0.109968170524
0.0895260423422
0.07963514328
0.149046882987
0.167905345559
0.0341638736427
0.290006279945
0.367496341467
0.197080418468
0.053189445287
0.18045347929
0.199456244707
0.218832135201
0.237787052989
0.107756301761
0.17216552794
0.378954648972
0.31694573164
0.0303143113852
0.210626959801
0.218718826771
0.0787198841572
0.0507728233933
0.0798060595989
0.0595066212118
0.0294723194093
0.0209348015487
0.110164768994
0.168955624104
0.0983745157719
0.0821207463741
0.24997523427
0.268119841814
0.107906840742
0.122107289732
0.239885106683
0.208513081074
0.0686338841915
0.0711934417486
0.109852686524
0.0495000369847
0.010337327607
0.0298444051296
0.0196508262306
0.011291615665
0.110718175769
0.249305829406
0.247202068567
0.0671863257885
0.481551110744
0.586783349514
0.245391756296
0.265697091818
0.56050914526
0.486924856901
0.206392452121
0.11559253931
0.371716082096
0.418422013521
0.206995353103
0.103923536837
0.260580807924
0.188687711954
0.011044816114
0.0903462320566
0.0394417233765
0.0803518146276
0.0990049242973
0.0623153559864
0.250170052052
0.19770643115
0.12405885011
0.360350906849
0.247474491596
0.0549609214067
0.201254218817
0.159927159548
0.159854158759
0.228610306978
0.0977388098836
0.254372566938
0.48013728857
0.296876013279
0.0378918386996
0.181997731328
0.140636175871
0.140693172812
0.220029696822
0.218357279897
0.058612562716
0.123466894031
0.231715351343
0.260158538818
0.22876098752
0.118130616844
0.020914228633
0.0737812072039
0.203043192625
0.371598660946
0.42848354578
0.236170038581
0.119234085083
0.41492909193
0.561426341534
0.547322750092
0.235056906939
0.330338686705
0.713709652424
0.566903471947
0.060738697648
0.283851355314
0.179708257318
0.0303592588753
0.0073756724596
0.162143215537
0.25057798624
0.23888643086
0.177443891764
0.0523672029376
0.456500917673
0.700742125511
0.414514809847
0.232851803303
0.635172247887
0.518279373646
0.127043291926
0.155357316136
0.2323050946
0.210314124823
0.128915548325
0.0118059897795
0.0917877405882
0.110267981887
0.0494183674455
0.0118532460183
0.070946007967
0.100015319884
0.0490208901465
0.0925049856305
0.190797239542
0.11846768111
0.103760458529
0.21095944941
0.0885700061917
0.112443462014
0.129828438163
0.0140479505062
0.120891645551
0.0392523370683
0.0606587640941
0.0116673707962
0.130298063159
0.0392044559121
0.223976910114
0.320057272911
0.0781538113952
0.215028733015
0.25112503767
0.0990790650249
0.0496779344976
0.119455762208
0.0489247739315
0.195505797863
0.342076867819
0.198199406266
0.0272321607918
0.0719365850091
0.0103295631707
0.0749101489782
0.3144775033
0.410207301378
0.166396722198
0.249981597066
0.444648683071
0.319512009621
0.118045583367
0.0586547590792
0.0491313971579
0.178851857781
0.506885945797
0.569741845131
0.146635457873
0.402263998985
0.544319093227
0.288016796112
0.0307366941124
0.0124599356204
0.0155755029991
0.216881036758
0.4239115417
0.317821830511
0.0553734526038
0.306545317173
0.311719298363
0.158402830362
0.0198637507856
0.13373118639
0.171346753836
0.0789713561535
0.0627794936299
0.100571073592
0.0103497272357
0.061168204993
0.0500614158809
0.0196257941425
0.0117275984958
0.0715477541089
0.11018922925
0.0204952917993
0.164010226727
0.230553463101
0.0403307043016
0.236243054271
0.301572978497
0.127648174763
0.11785941571
0.274981737137
0.270802736282
0.107852198184
0.0969103425741
0.203999638557
0.17094579339
0.0995388776064
0.0689670220017
0.0192689169198
0.195133700967
0.250880748034
0.0249956827611
0.265304297209
0.208421945572
0.179730311036
0.424293845892
0.20637640357
0.25285577774
0.45645621419
0.319092065096
0.0596340745687
0.13874399662
0.246410831809
0.303847670555
0.269805967808
0.0782268568873
0.158828958869
0.264937371016
0.190595731139
0.0588974133134
0.0121728209779
0.0504550337791
0.099413074553
0.0165200568736
0.166321903467
0.243966206908
0.22087700665
0.138574764132
0.0586843453348
0.0808300822973
0.289790511131
0.436365365982
0.389979839325
0.156295776367
0.208137318492
0.53387004137
0.594815671444
0.295525878668
0.188549131155
0.419238597155
0.219764500856
0.0531806536019
0.0177439115942
0.286278992891
0.330001175404
0.0474363937974
0.302863568068
0.376355201006
0.261032223701
0.169033557177
0.117838829756
0.0328459665179
0.242203935981
0.419497281313
0.453408390284
0.266349643469
0.0937527194619
0.39503005147
0.477636426687
0.340145587921
0.127068027854
0.0938781201839
0.270390182734
0.3550337255
0.157677084208
0.147947266698
0.160245060921
0.148036763072
0.322809755802
0.0793947800994
0.33416607976
0.405072718859
0.167932271957
0.02268929407
0.0226389542222
0.121198579669
0.359906107187
0.361685842276
0.0609290227294
0.209336057305
0.151808917522
0.0106840040535
0.0447062328458
0.19435466826
0.149500116706
0.0206953193992
0.0630144253373
0.00481247156858
0.0458846390247
0.196404412389
0.252313762903
0.0977408587933
0.12995532155
0.205459237099
0.151121616364
0.0489405095577
0.0534323602915
0.0500897616148
0.0631204470992
0.131448179483
0.0684987679124
0.0887440592051
0.206913411617
0.2335280478
0.199936315417
0.0879658684134
0.185923740268
0.411718547344
0.361911952496
0.0882090777159
0.131282165647
0.156092360616
0.124405875802
0.185017600656
0.221998646855
0.0978479087353
0.0996706113219
0.134687051177
0.0824880301952
0.103476859629
0.173180326819
0.149318426847
0.0230449587107
0.148225396872
0.164290934801
0.121811628342
0.110817790031
0.0790550857782
0.0138851329684
0.055297087878
0.0949775800109
0.144061625004
0.141180410981
0.0488303676248
0.0650049969554
0.0507853701711
0.0614306069911
0.0586585402489
0.15110771358
0.317395508289
0.20875672996
0.0334822684526
0.139609217644
0.15705087781
0.21726334095
0.304681777954
0.207166418433
0.132322907448
0.374555915594
0.323842227459
0.107767350972
0.0400327071548
0.0653658285737
0.0742682442069
0.103375643492
0.0704326629639
0.00238319113851
0.0325496867299
0.133288756013
0.108962982893
0.0504497550428
0.126079767942
0.0928640067577
0.0941941291094
0.215823322535
0.250309348106
0.0436094813049
0.358888477087
0.38651150465
0.127364009619
0.0789526998997
0.0212131347507
0.0795880779624
0.0313216857612
0.254021406174
0.337355524302
0.219422310591
0.078329063952
0.0603819563985
0.226971238852
0.383856356144
0.39551153779
0.226794049144
0.0578740388155
0.260831296444
0.406360149384
0.448450088501
0.30765119195
0.0670358911157
0.352355241776
0.411349684
0.260339289904
0.0361833199859
0.11889782548
0.0923916324973
0.0227964054793
0.121207460761
0.036095444113
0.289207309484
0.491683751345
0.306262731552
0.165346324444
0.472620397806
0.416816949844
0.157273560762
0.0256646871567
0.0427495054901
0.142666384578
0.269740045071
0.210705369711
0.0397457964718
0.18674056232
0.0401703976095
0.26166498661
0.290068298578
0.0974662676454
0.475618094206
0.560680508614
0.275023818016
0.15744972229
0.436492621899
0.524976670742
0.390490114689
0.0731647908688
0.33670309186
0.422059446573
0.177751660347
0.113080248237
0.142179355025
0.0806246772408
0.236438885331
0.147760942578
0.0918414667249
0.277038246393
0.360773980618
0.301071763039
0.0990911498666
0.186704292893
0.391385346651
0.451382517815
0.318781584501
0.0608314275742
0.359860420227
0.526954770088
0.317960143089
0.130867660046
0.324391573668
0.159403443336
0.10044272989
0.141764998436
0.0360059551895
0.190389961004
0.213778913021
0.107793994248
0.0796621739864
0.255220979452
0.286347448826
0.13771905005
0.050038408488
0.132938608527
0.222172275186
0.307463496923
0.196776881814
0.180957868695
0.460159361362
0.320415735245
0.0564584210515
0.173358172178
0.118190690875
0.223919644952
0.430770128965
0.254362225533
0.398019582033
0.777997255325
0.435451835394
0.236815705895
0.462439149618
0.242667376995
0.0693939700723
0.122212179005
0.128664150834
0.0464468002319
0.195748433471
0.229260399938
0.204097107053
0.159111097455
0.036962993443
0.188454777002
0.240504279733
0.184660464525
0.203172728419
0.167104259133
0.144836708903
0.486748963594
0.454069048166
0.0796372070909
0.447534948587
0.353202939034
0.0598233230412
0.256455600262
0.234748587012
0.0977300107479
0.100660853088
0.286373347044
0.284141510725
0.0795023292303
0.149616241455
0.191700056195
0.209906250238
0.296695411205
0.185868889093
0.280030071735
0.603888571262
0.314774096012
0.343517363071
0.556991815567
0.138798639178
0.392672121525
0.439376235008
0.118526905775
0.219569936395
0.369997859001
0.357111304998
0.176129415631
0.143794670701
0.332546263933
0.319360107183
0.189468353987
0.0605338029563
0.100977286696
0.225353598595
0.194140776992
0.0216481015086
0.0195648241788
0.170802116394
0.262537658215
0.0580167621374
0.361448794603
0.45422655344
0.216410398483
0.1021656394
0.2173807621
0.18800970912
0.121954426169
0.0393595583737
0.041441604495
0.113263249397
0.119106665254
0.0370015054941
0.180118396878
0.275554180145
0.30855846405
0.24838450551
0.0691729187965
0.388901501894
0.540879905224
0.297275573015
0.0900352373719
0.17626234889
0.0982605367899
0.121968239546
0.243084698915
0.253190219402
0.0628568381071
0.129331827164
0.150989174843
0.127458274364
0.156701728702
0.14209343493
0.0992792695761
0.0781397521496
0.0481631159782
0.269626885653
0.470400303602
0.328007489443
0.123801000416
0.367672950029
0.256485283375
0.0899579375982
0.122804649174
0.138708740473
0.0639206916094
0.25021854043
0.215727075934
0.0687935128808
0.0497583560646
0.0888695791364
0.066442489624
0.269144743681
0.243364483118
0.0371905080974
0.122805133462
0.0849604010582
0.0858908072114
0.164773076773
0.0697885081172
0.245776832104
0.359692513943
0.0944274291396
0.324561029673
0.393902897835
0.186912745237
0.0685383155942
0.193768873811
0.28916028142
0.339126735926
0.175917312503
0.181101679802
0.385025858879
0.262823462486
0.035450167954
0.0986597463489
0.0260515790433
0.153003245592
0.0504572577775
0.27143445611
0.427722275257
0.256913214922
0.102112352848
0.300101816654
0.315944164991
0.266066372395
0.197923734784
0.0646982863545
0.327887713909
0.460538476706
0.277224510908
0.129466548562
0.357978671789
0.305898189545
0.0660933107138
0.206587195396
0.314447760582
0.197319954634
0.131159901619
0.36866864562
0.37890458107
0.146998405457
0.202687337995
0.377921968699
0.339605510235
0.177046433091
0.056648761034
0.163381829858
0.195098757744
0.179095089436
0.17556630075
0.150517329574
0.0878913626075
0.0418291687965
0.151904985309
0.341874450445
0.481684327126
0.410514354706
0.114229261875
0.413882762194
0.622986018658
0.58710026741
0.37566524744
0.113501369953
0.431408166885
0.720297574997
0.644471824169
0.254007667303
0.192204982042
0.305019110441
0.272864639759
0.311075001955
0.385718524456
0.362019479275
0.160033255816
0.240383043885
0.569139719009
0.746728539467
0.591980099678
0.157864168286
0.510392069817
0.695995688438
0.521159410477
0.225013270974
0.0671732202172
0.135840713978
0.210918843746
0.307233572006
0.370076775551
0.388458430767
0.244524776936
0.159924656153
0.484973281622
0.55831605196
0.383203059435
0.166175529361
0.0761688053608
0.254928469658
0.548930883408
0.641648888588
0.322539001703
0.271481543779
0.558405816555
0.462517946959
0.137664049864
0.161606997252
0.180451288819
0.030344279483
0.12743358314
0.0783182680607
0.181250467896
0.350453972816
0.259214788675
0.0736169815063
0.267468810081
0.373637527227
0.323992609978
0.100116424263
0.320792406797
0.496166288853
0.265393733978
0.195597037673
0.378484934568
0.253995686769
0.107424974442
0.0615539140999
0.268652528524
0.465782284737
0.326253980398
0.195479631424
0.492247402668
0.356125354767
0.0739137679338
0.064584210515
0.0905008167028
0.199349686503
0.204471945763
0.0518234968185
0.166071623564
0.122865058482
0.409964948893
0.205807745457
0.411184370518
0.612604141235
0.296087682247
0.0656367018819
0.0779466032982
0.244084179401
0.620869398117
0.628614246845
0.153889730573
0.645957171917
0.555126905441
0.0773167982697
0.196688294411
0.0385188348591
0.176298990846
0.0535186044872
0.101218551397
0.0946239307523
0.163855969906
0.385808616877
0.380337566137
0.131691932678
0.514331042767
0.56644141674
0.30641618371
0.0856588557363
0.256607592106
0.347421705723
0.25535312295
0.0610706843436
0.0503934361041
0.0635398477316
0.11826839298
0.1136014238
0.329698085785
0.263864725828
0.0477838851511
0.0744694918394
0.0137235717848
0.0508696101606
0.258915454149
0.307732999325
0.0675060153008
0.237616851926
0.140910923481
0.0952984318137
0.0991542264819
0.114600867033
0.190158128738
0.0489382557571
0.00407059304416
0.203903213143
0.257231414318
0.216809764504
0.753648817539
0.786743283272
0.235907658935
0.614456892014
0.808959126472
0.581683337688
0.303161591291
0.128094911575
0.432298958302
0.767590880394
0.717333137989
0.259366422892
0.344801962376
0.513436198235
0.431969314814
0.29291382432
0.136954516172
0.0770170912147
0.162095755339
0.171469420195
0.190178573132
0.279308348894
0.305940896273
0.148216888309
0.174760892987
0.347003102303
0.432103276253
0.442149072886
0.263671875
0.2441816926
0.619534254074
0.590098500252
0.206385120749
0.198415830731
0.224819421768
0.131309196353
0.132151901722
0.170071050525
0.163002863526
0.107611939311
0.0506227687001
0.143474340439
0.328782171011
0.398784011602
0.256436944008
0.091279104352
0.267890810966
0.434160083532
0.479155242443
0.283800780773
0.190539568663
0.491407841444
0.471387714148
0.236204862595
0.0702159032226
0.144920483232
0.267967581749
0.363408595324
0.269071251154
0.0914830490947
0.30300360918
0.292418420315
0.07979811728
0.109544150531
0.070572450757
0.0933602377772
0.141068950295
0.0783884599805
0.290800869465
0.263601958752
0.0678245127201
0.212530255318
0.191490083933
0.112561888993
0.121361158788
0.0805126875639
0.195482999086
0.354260504246
0.185903251171
0.186839535832
0.232066631317
0.0356169864535
0.113000914454
0.121033228934
0.283606350422
0.0968855172396
0.27597206831
0.302209079266
0.0665407329798
0.10883051157
0.0319255851209
0.0216965936124
0.124061025679
0.244698166847
0.156540319324
0.145415633917
0.323365479708
0.275530427694
0.0812235698104
0.191452562809
0.249989673495
0.161713719368
0.0595133863389
0.0346025303006
0.102844201028
0.260787934065
0.33108997345
0.143365904689
0.335958570242
0.560360729694
0.365220040083
0.198596730828
0.540005505085
0.551396727562
0.236045792699
0.306278824806
0.565507292747
0.44625094533
0.120892323554
0.335281819105
0.387127578259
0.208663448691
0.0528785176575
0.0973369926214
0.129702627659
0.16350390017
0.152880176902
0.0548467934132
0.116477586329
0.129159867764
0.0201249141246
0.0294043365866
0.156563386321
0.301870286465
0.122810721397
0.392350137234
0.504809379578
0.170426383615
0.256017506123
0.200832083821
0.034193828702
0.0927423909307
0.418362975121
0.355755984783
0.265486061573
0.597571372986
0.336643576622
0.186542108655
0.231696799397
0.116852492094
0.290946900845
0.105497010052
0.354030609131
0.554083406925
0.451573640108
0.157617077231
0.464001536369
0.643918156624
0.421607047319
0.104370698333
0.116265900433
0.0689591392875
0.206844091415
0.523157775402
0.578799664974
0.239412695169
0.272396415472
0.37521609664
0.31418928504
0.406590074301
0.538111269474
0.333246171474
0.398162871599
0.881479263306
0.8493501544
0.312449753284
0.436078220606
0.538933992386
0.208022743464
0.0860442221165
0.0734038129449
0.388885736465
0.368926465511
0.17076061666
0.41986694932
0.2712046206
0.0500508546829
0.181863233447
0.470083296299
0.392323553562
0.284310281277
0.779702842236
0.848481893539
0.53325676918
0.200654819608
0.499532818794
0.770693421364
0.708795130253
0.371274709702
0.19655328989
0.410954684019
0.398209273815
0.282882928848
0.181038677692
0.107828691602
0.09768948704
0.0762423053384
0.115522950888
0.254673480988
0.374024987221
0.445731312037
0.388312160969
0.169162228703
0.435791552067
0.709937751293
0.597823143005
0.254451185465
0.111537918448
0.170204862952
0.405804187059
0.692578315735
0.654402971268
0.252529591322
0.368054330349
0.489647984505
0.426219165325
0.420365095139
0.356325179338
0.155488073826
0.442856162786
0.497788786888
0.236491426826
0.0726940333843
0.0476719327271
0.0742178931832
0.0980868265033
0.056737869978
0.153786659241
0.330157369375
0.427231878042
0.338184028864
0.15085722506
0.316466271877
0.599119007587
0.712668538094
0.491689682007
0.249592214823
0.692405879498
0.762460291386
0.414333224297
0.132140368223
0.225438535213
0.290372848511
0.31935557723
0.244577676058
0.0738522559404
0.0321767143905
0.0906528308988
0.103226386011
0.277725189924
0.576384425163
0.448240250349
0.179179638624
0.460883647203
0.489506304264
0.353927344084
0.180456906557
0.239828556776
0.594398736954
0.616547346115
0.20725363493
0.626576542854
0.726318001747
0.25339025259
0.512441337109
0.608058571815
0.227396115661
0.273863226175
0.316683769226
0.097670160234
0.0380647182465
0.0855551734567
0.195800930262
0.0902254059911
0.317143827677
0.426068842411
0.205965653062
0.226184740663
0.340522050858
0.235435143113
0.0803500190377
0.0468716472387
0.0936010554433
0.17533531785
0.176861673594
0.0624967552722
0.0843558460474
0.0546169839799
0.0197400134057
0.0490175709128
0.195435211062
0.200808390975
0.100983783603
0.276650577784
0.168385386467
0.119953364134
0.143118411303
0.121953599155
0.253761619329
0.095374211669
0.246113732457
0.268948733807
0.139201387763
0.0978110730648
0.0856135487556
0.181088238955
0.431052148342
0.444279164076
0.18528303504
0.230694979429
0.343220680952
0.402415275574
0.436023086309
0.274533867836
0.294857382774
0.601205170155
0.53321069479
0.244250759482
0.114698819816
0.203857049346
0.390564084053
0.480228245258
0.244286209345
0.21100153029
0.255098521709
0.0303836390376
0.107571490109
0.226243987679
0.493934690952
0.323195278645
0.206283152103
0.378482580185
0.318840444088
0.28663790226
0.302371054888
0.172944277525
0.336458474398
0.57372790575
0.473454117775
0.208173379302
0.154240682721
0.323587179184
0.449080646038
0.354117631912
0.118079051375
0.241537481546
0.204694837332
0.0322072952986
0.040177654475
0.0652307271957
0.139425456524
0.172948330641
0.213587611914
0.152580186725
0.275958806276
0.64001262188
0.634702980518
0.243587493896
0.491440027952
0.620975255966
0.453825891018
0.273795217276
0.151813432574
0.383689761162
0.683956861496
0.563637793064
0.211406320333
0.526840090752
0.379034996033
0.107777386904
0.181900531054
0.0961441397667
0.223838746548
0.0749388635159
0.20288605988
0.0782184228301
0.147506758571
0.0809289589524
0.313327968121
0.402927339077
0.151643887162
0.39669033885
0.453593581915
0.234723374248
0.119598403573
0.248566552997
0.295287162066
0.166098564863
0.16441346705
0.25750336051
0.0849811509252
0.309913396835
0.269028246403
0.158446982503
0.338062554598
0.212365761399
0.0551683679223
0.0408708117902
0.0607307255268
0.1875077039
0.368431717157
0.235257327557
0.166733786464
0.23417288065
0.0371048524976
0.122118078172
0.133938655257
0.397136420012
0.315773338079
0.184144631028
0.379387438297
0.297165364027
0.150728046894
0.182667225599
0.186578318477
0.252026826143
0.654101669788
0.644014239311
0.235042735934
0.566949129105
0.542433559895
0.155375614762
0.150991022587
0.0167875736952
0.141170427203
0.100075379014
0.319403767586
0.310667484999
0.101495623589
0.118116669357
0.0890328213573
0.054464738816
0.158663615584
0.276891887188
0.259958773851
0.131481423974
0.321043878794
0.538288593292
0.486506581306
0.204895883799
0.454174846411
0.615934312344
0.408310502768
0.153795480728
0.309443682432
0.387004464865
0.27358302474
0.0929960310459
0.155923381448
0.108111895621
0.0135604599491
0.0350359342992
0.168213412166
0.171147093177
0.079190261662
0.150299921632
0.0276763737202
0.102276459336
0.114716000855
0.325809687376
0.214851945639
0.208395212889
0.306510299444
0.138703927398
0.0302118230611
0.114072822034
0.104088574648
0.24311876297
0.393683940172
0.178518489003
0.212587803602
0.193389892578
0.0310356393456
0.0333563536406
0.178946658969
0.178173586726
0.137026146054
0.297537624836
0.16623391211
0.133365884423
0.191253140569
0.0982864573598
0.0418767817318
0.0912263169885
0.161377623677
0.150478482246
0.0677899569273
0.159739986062
0.152333393693
0.0808922350407
0.0914530903101
0.0981308966875
0.135897472501
0.344543129206
0.302854686975
0.120821461082
0.283478558064
0.228686332703
0.0579473115504
0.119867749512
0.0591124370694
0.115595117211
0.207806676626
0.166073203087
0.153067559004
0.370934069157
0.387807190418
0.190006494522
0.186013936996
0.29851436615
0.338753670454
0.328524976969
0.193437680602
0.281776547432
0.514009416103
0.370124965906
0.149674654007
0.292779117823
0.137877389789
0.12228167057
0.117996394634
0.132617205381
0.249204665422
0.167753711343
0.0755446851254
0.125298976898
0.094775468111
0.0731027647853
0.119355142117
0.193653553724
0.17621858418
0.12718257308
0.324525713921
0.395181924105
0.256123661995
0.111694119871
0.171193510294
0.237062841654
0.287866353989
0.304156035185
0.214913636446
0.155741840601
0.33518910408
0.415682047606
0.300854206085
0.130061894655
0.168687641621
0.211628198624
0.235919952393
0.267981559038
0.215971976519
0.131472498178
0.32550278306
0.352988898754
0.126725196838
0.172900110483
0.134077295661
0.0669943764806
0.11790560931
0.045746922493
0.0661677494645
0.0541470199823
0.0855724215508
0.205969721079
0.229104757309
0.139141872525
0.369624704123
0.393241286278
0.16299726069
0.173404306173
0.133605927229
0.0350163094699
0.0582246407866
0.241496443748
0.341111660004
0.181682810187
0.227705135942
0.293107688427
0.165196880698
0.091976352036
0.143791243434
0.12013181299
0.161932677031
0.274620294571
0.171785250306
0.0382952168584
0.0141600305215
0.165421620011
0.220595791936
0.127101168036
0.279567748308
0.497459918261
0.578483939171
0.375232815742
0.405987113714
0.798764884472
0.74332857132
0.324723213911
0.280708879232
0.327407330275
0.295420587063
0.351196914911
0.337271690369
0.182016506791
0.143886700273
0.195684567094
0.270656377077
0.451713651419
0.528441727161
0.286789268255
0.420047551394
0.590904057026
0.398353517056
0.151820391417
0.0779406279325
0.0828631147742
0.19058097899
0.350526750088
0.318445891142
0.125778719783
0.209286883473
0.200245305896
0.10294368118
0.333616286516
0.241474255919
0.461147159338
0.873564720154
0.666278898716
0.488346725702
1.03326308727
0.913500666618
0.369501084089
0.43283495307
0.536877214909
0.468875318766
0.348144173622
0.181277289987
0.368215054274
0.488245010376
0.220035046339
0.299994945526
0.298814415932
0.148749485612
0.332234412432
0.150145336986
0.200184032321
0.117617055774
0.206661626697
0.171613395214
0.404808700085
0.619597136974
0.30832785368
0.570137858391
0.728002488613
0.362628281116
0.285012751818
0.395560353994
0.282747685909
0.128523215652
0.104738496244
0.171275377274
0.118863195181
0.0973816141486
0.201293423772
0.128390520811
0.171006426215
0.307190984488
0.261273443699
0.124496884644
0.255863517523
0.287428349257
0.12721735239
0.070187613368
0.0109997242689
0.156496360898
0.127215117216
0.383397072554
0.566857337952
0.353746563196
0.352509737015
0.64156806469
0.619499444962
0.340916484594
0.376817792654
0.660434305668
0.578628957272
0.233735814691
0.293158620596
0.271104305983
0.189602613449
0.285406082869
0.340243905783
0.206034675241
0.508787512779
0.503750741482
0.170284211636
0.22962474823
0.0804759263992
0.0907237753272
0.136801883578
0.366283386946
0.295127213001
0.191996499896
0.354784101248
0.267368644476
0.0900142937899
0.114163123071
0.0867910310626
0.0285178478807
0.071354098618
0.0579934492707
0.181343302131
0.195301219821
0.0893295630813
0.165391787887
0.146201446652
0.09484821558
0.11294272542
0.109366245568
0.162236943841
0.326301813126
0.292172551155
0.146502166986
0.308125883341
0.406015902758
0.304591476917
0.194364413619
0.459466159344
0.520839333534
0.238047197461
0.345858216286
0.37957456708
0.146655529737
0.0463968738914
0.03997823596
0.0677908733487
0.220864012837
0.23511660099
0.124149493873
0.269597709179
0.124766975641
0.34748852253
0.390422940254
0.194623619318
0.356396615505
0.520597457886
0.532919824123
0.374456554651
0.370827823877
0.78093200922
0.883274555206
0.586224257946
0.360730618238
0.656132102013
0.846382498741
0.753415763378
0.418006926775
0.413071155548
0.616954863071
0.588417351246
0.461690247059
0.322883069515
0.235561549664
0.455325394869
0.587702929974
0.414235860109
0.172616273165
0.114142276347
0.110857337713
0.178997159004
0.290591359138
0.335987448692
0.304704040289
0.22800372541
0.216972023249
0.458671867847
0.603539645672
0.434966653585
0.206377342343
0.273509293795
0.310965538025
0.397051841021
0.438750296831
0.282317847013
0.329805225134
0.519833087921
0.366395652294
0.126687645912
0.101756863296
0.0651232600212
0.095667399466
0.126719966531
0.0586017221212
0.0269260499626
0.0573035255075
0.175531819463
0.133561968803
0.230305090547
0.352912008762
0.21484400332
0.146641239524
0.224207192659
0.1789047122
0.073687620461
0.0842861309648
0.113672412932
0.052504774183
0.0971689596772
0.0783441364765
0.100390084088
0.132247328758
0.0972025468946
0.205028504133
0.104689151049
0.171161964536
0.166824892163
0.0593831650913
0.0748000741005
0.0989396199584
0.147756129503
0.15180721879
0.343101739883
0.288387864828
0.152529329062
0.271950870752
0.272586554289
0.191872105002
0.119582429528
0.0984636247158
0.168534711003
0.182910248637
0.141588434577
0.115772292018
0.143835350871
0.156257003546
0.143136888742
0.333786219358
0.565945506096
0.580289065838
0.352010279894
0.581084787846
0.885177969933
0.729097187519
0.354488730431
0.467307567596
0.603840887547
0.538209795952
0.34197768569
0.196078523993
0.297761917114
0.310137778521
0.222249627113
0.216820269823
0.260801523924
0.185841009021
0.337427347898
0.479158580303
0.284023582935
0.131211280823
0.097393207252
0.0489184372127
0.102058827877
0.30134049058
0.334627985954
0.161544755101
0.199341535568
0.175755545497
0.121354274452
0.189780429006
0.263413310051
0.173218309879
0.3751758039
0.500078499317
0.314375162125
0.300566196442
0.520189106464
0.447099894285
0.216523751616
0.374094516039
0.389471948147
0.195539072156
0.0990035682917
0.0850454196334
0.119116380811
0.22012861073
0.262752711773
0.147876054049
0.155193954706
0.181131631136
0.159158572555
0.204921200871
0.229350551963
0.147401690483
0.277701556683
0.321483641863
0.188670456409
0.0998500883579
0.0855755582452
0.128663420677
0.238906487823
0.229228258133
0.117952413857
0.100954726338
0.196553230286
0.203921437263
0.543177306652
0.68172621727
0.372596025467
0.544891059399
0.649445712566
0.332250386477
0.197483763099
0.221476539969
0.147420272231
0.10445150733
0.0782150775194
0.052681863308
0.0951298326254
0.141593903303
0.117371469736
0.117455027997
0.232295379043
0.142962411046
0.25241497159
0.271235376596
0.234475985169
0.471295624971
0.269474714994
0.671502709389
0.700167894363
0.389560937881
0.764902591705
0.725722849369
0.385667383671
0.271454334259
0.466401934624
0.779971778393
0.796810567379
0.44456243515
0.727650344372
0.854231655598
0.510683834553
0.237068131566
0.269471377134
0.406081557274
0.52630507946
0.343651801348
0.339652687311
0.493853330612
0.220156729221
0.38965639472
0.368615627289
0.2671482265
0.522915959358
0.455013245344
0.249883145094
0.387512952089
0.577237010002
0.554973244667
0.332416087389
0.478111028671
0.75238019228
0.630829274654
0.352897703648
0.656429469585
0.719586551189
0.378223240376
0.436137467623
0.561118006706
0.322268366814
0.211779803038
0.304226309061
0.27259299159
0.205379605293
0.157127633691
0.33932775259
0.464121609926
0.310055196285
0.376605689526
0.59070879221
0.432229995728
0.273546785116
0.467024356127
0.410999745131
0.183184698224
0.158820942044
0.125067636371
0.121289998293
0.257594704628
0.34845879674
0.232718393207
0.497057378292
0.53331720829
0.248745292425
0.451365977526
0.254646599293
0.329774111509
0.315071970224
0.29918807745
0.462399840355
0.215196162462
0.247678369284
0.0989131554961
0.124125048518
0.185969099402
0.521324813366
0.481586515903
0.350780516863
0.640161514282
0.596578001976
0.337464392185
0.271171092987
0.441550046206
0.493297964334
0.284245610237
0.190756186843
0.163944900036
0.0353858657181
0.109576836228
0.367580145597
0.502954304218
0.293772131205
0.555598020554
0.55653232336
0.250502169132
0.411962270737
0.360343962908
0.174732908607
0.332931250334
0.333730518818
0.192276030779
0.279523581266
0.407104998827
0.33210965991
0.18098063767
0.217912659049
0.348876148462
0.418818026781
0.303970754147
0.283410042524
0.462054640055
0.305138736963
0.187784835696
0.216220170259
0.118075989187
0.231772989035
0.117638789117
0.201010763645
0.118827611208
0.0647838264704
0.0562379471958
0.20297691226
0.176459863782
0.189765095711
0.258171916008
0.150094568729
0.0605082660913
0.0684507340193
0.0801926925778
0.160947531462
0.222134977579
0.126955553889
0.0469514876604
0.0295562315732
0.097768753767
0.115661017597
0.25145483017
0.333675473928
0.264914125204
0.168399050832
0.269700706005
0.344120651484
0.305980712175
0.184981167316
0.232804775238
0.308648258448
0.213699400425
0.108517430723
0.101278275251
0
