0
0
0
0
0
0
0
0
0
0
0
0
0
0
0
0
0
0
0
0
0
0
0
0
0
0
0
0
0
0
0
0
0
0.00345864566043
0.0170897766948
0.0547279827297
0.0838212966919
0.0860592126846
0.0744625926018
0.0848385095596
0.097045481205
0.10070759058
0.130411267281
0.172525346279
0.191446185112
0.194497942924
0.167439103127
0.055541779846
-0.218911886215
-0.822750747204
-1.95922088623
-3.52212142944
-4.64333343506
-3.8592376709
-0.495603561401
3.9119310379
6.66643714905
6.5040845871
4.3998041153
2.03429317474
0.295409023762
-0.616859614849
-0.90616518259
-1.3207950592
-2.3714094162
-3.36444854736
-2.98704910278
-1.32262611389
0.142414808273
0.381468236446
-0.0187173746526
0.120035350323
1.10127258301
2.27090549469
2.58482837677
1.43371009827
-0.583697319031
-1.90449237823
-1.78120231628
-0.961910367012
-0.492958724499
-0.414427101612
-0.191242754459
0.290526211262
0.530596911907
0.202839374542
-0.354816317558
-0.546059131622
-0.135497510433
0.637611508369
1.31652259827
1.36148548126
0.511879563332
-0.784502208233
-1.59036636353
-1.35436439514
-0.525714159012
0.104980051517
0.280353724957
0.339354157448
0.505979537964
0.696611940861
0.590004265308
-0.0752763748169
-1.04898643494
-1.66177749634
-1.31570911407
-0.162149429321
0.900672018528
1.12405967712
0.610756158829
0.150349318981
0.292764186859
0.788164317608
1.05529308319
0.944006800652
0.693560183048
0.419513344765
0.268350183964
0.12593537569
-0.276691615582
-0.902909994125
-1.35273647308
-1.16251182556
-0.675453126431
-0.176390886307
0.285033106804
0.602211236954
0.823647916317
0.73632901907
0.33264875412
-0.111863136292
-0.221577346325
-0.259694516659
-0.532057106495
-0.813242018223
-0.637246966362
-0.184704303741
-0.239787638187
-0.809170126915
-1.21567726135
-1.06253051758
-0.390333533287
0.509096264839
1.31781387329
1.65476036072
1.48102760315
1.21884441376
1.00778675079
0.374385416508
-0.833035826683
-2.20943927765
-3.0574054718
-2.70711135864
-0.79503172636
1.84251880646
3.70618915558
3.6132144928
1.6177740097
-0.673554420471
-1.77397537231
-1.54979705811
-0.660773277283
-0.0040718652308
-0.118084073067
-0.701718151569
-1.01174545288
-0.831904709339
-0.506268620491
-0.0572323314846
0.503780245781
0.978378772736
1.09058094025
0.940600931644
0.838238716125
0.890268146992
0.984825909138
0.699455976486
-0.115030169487
-0.963109254837
-1.42526531219
-1.62931156158
-1.52627086639
-0.855883479118
0.15303426981
0.73700761795
0.210945248604
-0.712010920048
-0.639848411083
0.76788598299
2.06104183197
1.71233177185
0.150432765484
-1.09680175781
-1.17077445984
-0.534093022346
-0.0252229422331
0.173167347908
0.432409465313
0.796502113342
0.775011718273
-0.0487492792308
-1.08130645752
-0.907573580742
0.779083609581
2.23398303986
1.80259132385
-0.158350288868
-1.41101360321
-0.631817758083
0.817992508411
0.687466621399
-1.14057445526
-2.41450309753
-1.68224525452
0.146360933781
1.08469963074
0.725583791733
0.191603839397
0.110166549683
-0.00836994498968
-0.214677751064
0.0864139795303
0.590420484543
0.24747890234
-1.02441310883
-1.6820192337
-0.404019534588
1.67217922211
2.21136188507
0.928385317326
-0.521651208401
-1.090467453
-1.22189807892
-1.4429101944
-1.23501873016
0.17033970356
2.0535774231
2.47908687592
0.90983569622
-1.19181156158
-1.83279132843
-0.701944351196
0.775916576385
1.19000244141
0.495749592781
-0.654778599739
-1.70961761475
-2.1470041275
-1.48815345764
0.583407819271
2.76898097992
3.06882858276
1.173828125
-0.756914556026
-0.679435968399
0.750075221062
1.25256347656
-0.167367875576
-2.07554149628
-2.47599220276
-1.20456123352
0.03940333426
0.370031952858
0.393391609192
0.745454609394
1.09379482269
0.660872220993
-0.393134891987
-0.871493935585
-0.269149124622
0.458593189716
0.534704506397
0.351677954197
0.45692461729
0.558705925941
-0.129889786243
-1.43712997437
-1.86363601685
-0.546256005764
1.33213996887
1.69382953644
-0.0485161580145
-1.67701530457
-1.13499546051
0.896137058735
1.85978603363
1.0316734314
-0.0487728565931
0.0895879864693
0.905891656876
0.947990298271
-0.12526923418
-1.56766223907
-2.80020332336
-3.23582172394
-2.2346944809
-0.0223328322172
1.9283246994
2.4634141922
1.85683345795
1.07646751404
0.339613080025
-0.88805103302
-1.98633861542
-1.47268295288
0.528800427914
2.09877300262
1.86838531494
0.687697291374
-0.103963196278
-0.287503123283
-0.595670580864
-1.15399074554
-1.29876899719
-0.791403770447
-0.0535217933357
0.482209503651
0.661128938198
0.418419778347
-0.0206642895937
-0.270560979843
-0.302905082703
-0.212033569813
0.192524433136
0.939647614956
1.26501369476
0.359892308712
-1.2603931427
-1.80472373962
-0.508136153221
1.18274116516
1.26283168793
0.0915132761002
-0.437800526619
0.253875553608
0.585916042328
-0.571797549725
-2.06039619446
-1.82051086426
0.448581933975
2.42388248444
1.96695804596
-0.677044272423
-2.91263771057
-2.253947258
1.0529794693
4.13837623596
4.20563220978
0.995351314545
-2.35945034027
-2.97270488739
-0.58899641037
1.9847984314
2.09851646423
0.268635749817
-1.29350662231
-1.41774940491
-0.89652210474
-0.70489615202
-0.746353089809
-0.535346269608
-0.167367875576
-0.064688205719
-0.136435627937
0.0252848751843
0.389027714729
0.440624237061
0.0958771705627
0.0451790690422
0.814378380775
1.74914836884
1.64467144012
0.219734549522
-1.1701631546
-1.4189043045
-0.959798514843
-0.569743990898
-0.372085571289
-0.0326008051634
0.205487728119
-0.0336276032031
-0.297129392624
0.146703600883
0.89014673233
0.833127140999
-0.216871678829
-1.09852027893
-0.870688676834
0.0422413311899
0.41810297966
-0.241871595383
-1.15307712555
-1.23780632019
-0.340393662453
1.15480136871
2.16539096832
1.89494800568
0.299260735512
-1.49125385284
-1.9710559845
-0.65443277359
1.17758464813
1.7349729538
0.630294859409
-0.805664122105
-1.26169776917
-0.807634532452
-0.0105911195278
0.580787479877
0.759728193283
0.596058428288
0.268349409103
-0.0701969265938
-0.434851706028
-0.722289800644
-0.387314796448
0.477955102921
0.796304523945
-0.164285480976
-1.42019462585
-1.35492420197
-0.00270935660228
1.05664825439
0.931772351265
0.463915705681
0.566994428635
0.835343837738
0.439285218716
-0.475368916988
-0.882388174534
-0.410713791847
0.148768305779
-0.153324902058
-1.29790496826
-2.27733707428
-2.15824794769
-0.759605050087
1.03090953827
2.05677032471
2.06613063812
1.57893848419
1.18632793427
1.05640220642
1.05578613281
0.730787336826
-0.281280457973
-1.8169927597
-2.79285335541
-2.11625289917
0.0754925012589
2.1365737915
2.54913425446
1.5352191925
-0.0130541697145
-1.55073642731
-2.71095752716
-2.69802570343
-0.706526279449
2.39888858795
4.03534030914
2.39679527283
-1.18201828003
-3.52265548706
-3.00270557404
-0.593718528748
1.13090991974
1.16428375244
0.372043907642
0.035344786942
0.362930595875
0.702092766762
0.667733192444
0.451600432396
0.360467553139
0.385960102081
0.225369155407
-0.256403625011
-0.720442533493
-0.756526231766
-0.445319652557
-0.309112906456
-0.636575639248
-1.0136680603
-0.73066419363
0.299876511097
1.28645133972
1.46908664703
0.900614738464
0.195689380169
-0.236576080322
-0.420935451984
-0.436698973179
-0.113669812679
0.510836839676
0.76760995388
0.0733988881111
-1.15603256226
-1.81489944458
-1.47992420197
-0.551846683025
0.330048859119
0.941008746624
1.3531999588
1.48029327393
1.10480117798
0.422536432743
-0.211329758167
-0.51428514719
-0.415270447731
0.209851980209
1.01022052765
1.01982593536
-0.521270275116
-2.78049278259
-3.73679637909
-2.27975463867
0.439396679401
2.14398384094
1.70843696594
0.298748672009
-0.29990363121
0.42900210619
1.39813804626
1.1880645752
-0.0605710409582
-1.08694171906
-1.01854228973
-0.256656944752
0.105357646942
-0.228039681911
-0.587359428406
-0.166442036629
0.927943229675
1.65582180023
1.24119281769
-0.0944497585297
-1.43881893158
-1.94391918182
-1.48476028442
-0.527686715126
0.434776902199
1.03971672058
1.04985523224
0.541931152344
-0.107025921345
-0.344561934471
-0.0550529174507
0.252678751945
0.0171960145235
-0.675906121731
-0.974141478539
-0.48918813467
0.340327143669
0.737247109413
0.358549773693
-0.394738376141
-0.961308658123
-1.22412490845
-1.2814874649
-0.947705805302
0.251523792744
2.19428825378
3.90683174133
4.14680671692
2.57029056549
0.0553095750511
-2.08931541443
-2.87879276276
-2.31158065796
-0.933204710484
0.448251366615
1.24953365326
1.2817440033
0.799229800701
0.193006038666
-0.296310424805
-0.682964146137
-1.07885742188
-1.36939239502
-1.37606620789
-0.980814576149
-0.355213224888
0.226499736309
0.55232578516
0.610715210438
0.531151592731
0.46057087183
0.411421120167
0.378184020519
0.348925113678
0.182354748249
-0.186461269855
-0.687712311745
-1.07372379303
-1.05909442902
-0.560153841972
0.209688723087
0.8708370924
1.18999004364
1.11491775513
0.663971543312
-0.00603143870831
-0.627654612064
-1.11286449432
-1.53185653687
-1.90837287903
-2.01411533356
-1.29419231415
0.505870878696
2.79781723022
4.20493888855
3.79993438721
1.73500061035
-0.363426268101
-1.06268787384
-0.268976449966
0.816682457924
0.96592849493
-0.0255373679101
-1.44869995117
-2.57773399353
-3.16214179993
-3.2277173996
-2.73249816895
-1.63811302185
-0.276676177979
0.947962462902
1.55187606812
1.48655700684
0.931536436081
0.270388066769
-0.164645433426
-0.23330116272
-0.0832851529121
0.0488931499422
0.0307988338172
-0.068784058094
-0.0626242756844
0.193006038666
0.718747317791
1.39778804779
2.01938533783
2.34106826782
2.18768405914
1.62373161316
0.802191317081
0.0550246797502
-0.350807547569
-0.373784840107
-0.20961779356
-0.215765237808
-0.671180188656
-1.57908725739
-2.65489006042
-3.30218601227
-3.03169822693
-1.75766563416
0.111661791801
1.72642421722
2.39589118958
1.9143743515
0.798059463501
-0.372172415257
-1.28935050964
-1.87799358368
-2.1651096344
-1.97212028503
-1.30386257172
-0.320775747299
0.615853190422
1.25125694275
1.57868385315
1.64076328278
1.59954452515
1.48798370361
1.35868549347
1.2429933548
1.12054824829
0.940055370331
0.649916052818
0.261921525002
-0.130406439304
-0.428003311157
-0.562138617039
-0.584007382393
-0.551758468151
-0.574030399323
-0.610209584236
-0.656164288521
-0.677529156208
-0.63631105423
-0.561735510826
-0.50519913435
-0.515377700329
-0.587836921215
-0.638125061989
-0.568991482258
-0.275022625923
0.20367193222
0.743639409542
1.16620063782
1.37642288208
1.32492542267
1.13969612122
0.996591687202
0.899441897869
0.73890286684
0.373482525349
-0.273007035255
-0.899845004082
-1.22525596619
-1.13647079468
-0.650722265244
0.0407142341137
0.600131809711
0.698692500591
0.282580971718
-0.585115909576
-1.3791437149
-1.58966827393
-1.18232440948
-0.379226863384
0.350202858448
0.761981010437
0.931690812111
1.05312728882
1.11954021454
0.910527467728
0.351412177086
-0.469926893711
-1.10533046722
-1.18111515045
-0.653544068336
0.181601583958
0.952551782131
1.39879512787
1.40826892853
0.977343142033
0.334179162979
-0.334884643555
-0.858223795891
-1.11440086365
-1.18101501465
-1.06945323944
-0.876968443394
-0.621698260307
-0.307473063469
0.0173337832093
0.203168034554
0.0925139784813
-0.37912607193
-1.00848293304
-1.46762657166
-1.45664215088
-0.903573811054
0.0743740200996
1.14906787872
1.97504329681
2.36243247986
2.26336860657
1.94581699371
1.54714012146
1.29378509521
1.12921524048
0.894302248955
0.498749315739
0.0141088925302
-0.481684148312
-0.992446601391
-1.55617618561
-2.1252040863
-2.42744541168
-2.11688041687
-1.2271270752
-0.119231939316
0.740254282951
1.04076576233
0.862404882908
0.562108933926
0.367640852928
0.307430326939
0.302133560181
0.142689168453
-0.188306450844
-0.431634783745
-0.341805458069
0.0571837760508
0.555623114109
0.755820333958
0.403529345989
-0.328185141087
-1.07395172119
-1.44634914398
-1.15729522705
-0.29424238205
0.722526192665
1.43802547455
1.5454750061
0.913318932056
-0.170470356941
-1.14983654022
-1.62762928009
-1.48602104187
-0.775169849396
0.167551696301
0.945099711418
1.36657333374
1.2456111908
0.696366548538
0.110692203045
-0.248625099659
-0.460713148117
-0.591295361519
-0.698204159737
-0.828137814999
-0.836893737316
-0.485683739185
0.179226279259
0.944991648197
1.49564170837
1.56212234497
1.18983268738
0.529679596424
-0.0536165460944
-0.700366139412
-1.19934558868
-1.48537254333
-1.32787418365
-0.729552567005
0.0744794011116
0.525031387806
0.372937679291
-0.137608587742
-0.589781999588
-0.664045274258
-0.202034890652
0.486764729023
1.11773204803
1.53174686432
1.71886348724
1.70243263245
1.45845603943
0.765981554985
-0.41552823782
-1.73886203766
-2.560297966
-2.35858726501
-1.1769695282
0.437363982201
1.61746788025
1.78934383392
1.01774120331
-0.143878221512
-1.03763103485
-1.29187774658
-0.989419877529
-0.391854763031
0.316078186035
0.881862461567
1.11610984802
1.07643795013
0.768251597881
0.314024329185
-0.125177323818
-0.446119904518
-0.747280597687
-1.1356754303
-1.40937995911
-1.35814094543
-0.817328035831
0.102476775646
1.06044006348
1.64438438416
1.63152122498
1.03968524933
0.257489144802
-0.32234787941
-0.562865614891
-0.570972979069
-0.5172483325
-0.424824655056
-0.268731296062
-0.134581804276
-0.224086880684
-0.646641492844
-1.15318775177
-1.26993370056
-0.627832472324
0.773224115372
2.42225646973
3.54193496704
3.50647830963
2.34442615509
0.680584251881
-0.738524675369
-1.4236869812
-1.62761688232
-1.86549186707
-2.20002841949
-2.19994354248
-1.46247005463
-0.154283702374
1.21144104004
2.02367973328
1.8632850647
0.913821399212
-0.228455305099
-0.951586127281
-1.22196388245
-1.26931858063
-1.29689979553
-1.04340934753
-0.20452350378
1.14618015289
2.42008209229
2.7807559967
1.94984722137
0.307718813419
-1.325922966
-2.37646102905
-2.58437919617
-2.1314573288
-1.32032203674
-0.440362095833
0.360928893089
0.917470574379
1.05410194397
0.676709890366
-0.00594051554799
-0.545509278774
-0.507405102253
0.173463106155
1.25141239166
2.16922187805
2.49917602539
2.2515411377
1.64823913574
0.804685592651
-0.116518974304
-1.05138683319
-1.8944311142
-2.37204837799
-2.22260189056
-1.41808605194
-0.379938542843
0.398438990116
0.581491827965
0.267662763596
-0.16183668375
-0.445454001427
-0.657275915146
-0.805788815022
-0.776680290699
-0.4838976264
0.0080621317029
0.466585218906
0.618832230568
0.45283716917
0.146476149559
-0.108711481094
-0.203080832958
-0.163024783134
-0.113294124603
-0.048627384007
0.155981004238
0.617134928703
1.24657440186
1.79760074615
2.03301429749
1.71961021423
1.12818908691
0.615522503853
0.372894763947
0.142148077488
-0.394365489483
-1.31225967407
-2.2246389389
-2.45343399048
-1.78936862946
-0.783808946609
0.0772266983986
0.263928711414
-0.170323133469
-0.763101994991
-0.97449952364
-0.622651159763
0.0627997517586
0.580473482609
0.511733174324
-0.073832154274
-0.631477057934
-0.605423629284
0.132134079933
1.13540267944
1.71587562561
1.7071352005
1.46391296387
1.30614948273
1.22383117676
0.915773272514
0.361777544022
-0.259261190891
-0.580558359623
-0.497475922108
-0.36474776268
-0.471337676048
-0.783469438553
-1.21101665497
-1.59222793579
-1.79878807068
-1.69398117065
-1.20465183258
-0.339797616005
0.599568009377
1.15899467468
1.2317237854
0.979421675205
0.689863860607
0.732041537762
1.15118694305
1.51245594025
1.53511428833
1.14448261261
0.43571716547
-0.464360594749
-1.25539112091
-1.74617099762
-1.88932037354
-1.53919696808
-1.00663089752
-0.496171653271
-0.0494688935578
0.327209115028
0.590998291969
0.623078942299
0.449465990067
0.0646330118179
-0.142745375633
0.10432946682
0.769463717937
1.62088108063
2.09690093994
1.6648235321
0.255769014359
-1.32298946381
-2.11664867401
-1.85542011261
-0.948198735714
-0.117471754551
0.254016697407
0.35942453146
0.468673944473
0.539574921131
0.479457378387
0.277672827244
-0.188642263412
-0.806262135506
-1.20545005798
-1.22849941254
-0.974415898323
-0.587358891964
-0.1071600914
0.406332373619
1.12241744995
1.79577445984
2.14212417603
2.00072669983
1.30391597748
0.256375551224
-0.841375589371
-1.54660987854
-1.63644981384
-1.13973903656
-0.191270709038
0.736978709698
1.29279613495
1.35021781921
0.861661911011
-0.0133444704115
-0.743313968182
-0.976707398891
-0.811047255993
-0.549751758575
-0.626920521259
-1.14216518402
-1.58111667633
-1.43729305267
-0.531689524651
0.758006334305
1.71422481537
1.79193305969
1.09734630585
0.0758882164955
-0.728217184544
-0.970843911171
-0.574620962143
0.152315676212
0.647678613663
0.613036870956
0.299172222614
0.0950961709023
0.115719437599
0.381732702255
0.639860630035
0.824998319149
0.961071431637
0.997330665588
0.656642317772
-0.0796624422073
-1.06095218658
-1.90643882751
-2.20837497711
-1.81282520294
-1.06216526031
-0.0603870972991
1.08481025696
1.92274951935
2.12089443207
1.77218532562
1.12996578217
0.545775353909
0.27174192667
0.176241338253
0.0270259231329
-0.32552421093
-0.90250402689
-1.61575889587
-2.13026237488
-2.16241073608
-1.59890937805
-0.485927402973
0.650778830051
1.21414375305
0.964441239834
0.188642263412
-0.514301300049
-0.713592171669
-0.336374998093
0.313258051872
0.874197602272
1.22762298584
1.40817832947
1.40891933441
1.29569339752
0.99908298254
0.528926253319
0.0150293782353
-0.245457351208
-0.287445247173
-0.301261484623
-0.434773623943
-0.841693758965
-1.5198392868
-2.04434299469
-2.20673942566
-1.91500282288
-1.26622581482
-0.533717691898
-0.145695447922
-0.138669848442
-0.18819475174
0.0423841401935
0.793320536613
1.96176338196
2.87878131866
3.1022195816
2.46265602112
1.22430229187
-0.117708086967
-0.957674264908
-1.23904514313
-1.30768871307
-1.38473987579
-1.5579624176
-1.67670726776
-1.33037757874
-0.633804142475
-0.077397108078
0.102505087852
0.0824647545815
0.182090520859
0.627930283546
1.32185459137
1.72024250031
1.51454162598
0.832249462605
-0.136481523514
-1.05603313446
-1.48413562775
-1.22349643707
-0.471062839031
0.452865302563
0.994069337845
0.74391078949
-0.096285700798
-0.876015722752
-1.21393680573
-0.996833562851
-0.400806546211
0.0567809306085
0.0938670039177
0.0119781270623
0.199366688728
0.800231039524
1.65159893036
2.32018566132
2.41393756866
1.9462146759
1.14609909058
0.159977078438
-0.756004095078
-1.50095081329
-2.14465999603
-2.4625415802
-2.27803230286
-1.89599895477
-1.51488685608
-1.35894107819
-1.3899230957
-1.36780929565
-0.87820404768
0.127728283405
1.3000869751
2.32283496857
2.72364139557
2.41059780121
1.6434211731
1.1122379303
1.14874839783
1.48010444641
1.54252910614
0.858969926834
-0.392513990402
-1.46144580841
-1.7908449173
-1.22603034973
0.00668010860682
1.20552921295
1.66714763641
0.941204369068
-0.741607308388
-2.6632900238
-3.77380084991
-3.47250461578
-2.12323760986
-0.48223477602
0.901584386826
1.72024250031
2.04825973511
1.96349143982
1.58710098267
1.02988815308
0.46783798933
-0.131644189358
-0.940282940865
-1.69386768341
-2.05839443207
-1.88805198669
-1.24952507019
-0.324676334858
0.500086784363
1.10060501099
1.47054481506
1.54368114471
1.30273628235
0.984049201012
0.799885511398
0.754161298275
0.716268956661
0.489490747452
0.0851137638092
-0.180823624134
-0.187849283218
-0.102620244026
-0.199942588806
-0.564008533955
-1.13757610321
-1.69766902924
-2.11460018158
-2.33550453186
-2.24395942688
-1.60546779633
-0.433212637901
0.911176383495
2.02438163757
2.57346439362
2.47839164734
2.02196788788
1.61985874176
1.33018302917
1.22350502014
1.02583885193
0.466636657715
-0.486691057682
-1.49154758453
-2.13746643066
-2.05585670471
-1.36323642731
-0.554467618465
-0.0197758860886
0.149386823177
0.141495049
0.278533637524
0.582413852215
0.765410423279
0.605439245701
0.168327152729
-0.23981744051
-0.475549757481
-0.474621295929
-0.35141658783
-0.189495682716
0.0414086654782
0.24037450552
0.237124919891
-0.100364923477
-0.58213531971
-0.953791975975
-0.891400456429
-0.395981967449
0.242509901524
0.661145985126
0.726230025291
0.379827022552
0.0131839253008
-0.0791035294533
0.107699632645
0.367293000221
0.390411317348
0.190052747726
0.0668480396271
0.23870331049
0.487898051739
0.495882689953
0.149201154709
-0.432191312313
-0.963447809219
-1.23780345917
-1.20855712891
-0.898363828659
-0.443054139614
0.00176404626109
0.397838830948
0.770424008369
1.04821491241
1.13038158417
0.988237321377
0.706082761288
0.333497583866
0.083745777607
0.00752040743828
-0.0453081391752
-0.165170431137
-0.367014467716
-0.631992816925
-0.805983483791
-0.704597234726
-0.339532494545
0.13100361824
0.472114503384
0.387533128262
-0.124968707561
-0.673772871494
-1.00104904175
-0.937079966068
-0.434976696968
0.300816297531
0.851570188999
0.985080599785
0.769309878349
0.394589304924
0.0667551755905
-0.146601498127
-0.253001391888
-0.135645866394
0.316878437996
0.916561365128
1.31198596954
1.06687641144
0.179375648499
-1.06074810028
-2.17284011841
-2.85645484924
-3.04214382172
-2.48182678223
-1.35775852203
-0.0512501895428
0.910247921944
1.34735965729
1.41560077667
1.32758331299
1.37614154816
1.51587200165
1.69924068451
1.82820129395
1.86487483978
1.73591423035
1.40975093842
0.847392141819
0.113177478313
-0.395332038403
-0.573964953423
-0.47276443243
-0.263585627079
-0.20741468668
-0.429034650326
-1.25980758667
-2.43888378143
-3.33927726746
-3.41150474548
-2.52696800232
-1.05375385284
0.43596881628
1.54696083069
1.91808891296
1.55043697357
0.807747900486
0.112522065639
-0.318016111851
-0.33083230257
0.0564782731235
0.696311950684
1.33158302307
1.70499134064
1.6826171875
1.29248332977
0.687948822975
0.124903857708
-0.19159168005
-0.283151626587
-0.234493434429
-0.179644346237
-0.214834630489
-0.434882700443
-0.651998221874
-0.555442094803
-0.172475934029
0.145540118217
-0.0548490919173
-0.909082949162
-2.18147277832
-3.23598766327
-3.55889129639
-3.07100582123
-2.22524356842
-1.22840213776
-0.228628337383
0.826320588589
1.81859970093
2.6094045639
3.12563800812
3.31342792511
3.09446620941
2.66056060791
1.93285942078
0.917880535126
-0.04246731475
-0.443028569221
-0.100574731827
0.697832465172
1.26554775238
1.06374645233
0.121319651604
-0.886383056641
-1.37698364258
-1.1809387207
-0.632013559341
-0.441290795803
-0.736172556877
-1.37589740753
-1.85987281799
-1.91743659973
-1.63156986237
-1.17192363739
-0.81133210659
-0.535783290863
-0.08265376091
0.608444750309
1.26804542542
1.51883029938
1.16855716705
0.469529926777
-0.265665113926
-0.785591065884
-1.00911426544
-0.966321527958
-0.722813248634
-0.234927892685
0.497551858425
1.28618335724
1.8377161026
2.08339595795
1.98564529419
1.64873027802
1.1155538559
0.382097244263
-0.518513977528
-1.1297826767
-1.08275318146
-0.632230818272
-0.259365558624
-0.259148359299
-0.641354203224
-1.04158878326
-1.14792060852
-0.852170228958
-0.476046621799
-0.173670649529
-0.102746963501
-0.211684882641
-0.26262396574
0.0989455580711
0.710322856903
1.38197898865
1.65915775299
1.29204845428
0.569996118546
-0.133158385754
-0.652975738049
-1.05560016632
-1.39132022858
-1.56205844879
-1.36851119995
-0.705869793892
0.156401336193
0.827623903751
1.20157527924
1.38621520996
1.36818599701
1.3249578476
1.32039642334
1.36731719971
1.34146690369
0.977074086666
0.172150075436
-0.85385453701
-1.50355529785
-1.5745973587
-1.19581317902
-0.920410335064
-1.14062786102
-1.66837978363
-2.00668811798
-1.80754184723
-1.24014854431
-0.447113037109
0.196642100811
0.471419453621
0.372211694717
0.0660341978073
-0.061131183058
0.279784679413
1.00939464569
1.59055805206
1.91071414948
1.93116092682
1.7217912674
1.37993717194
1.03025817871
0.681727468967
0.35437309742
0.103067576885
-0.151471793652
-0.445443928242
-0.560508310795
-0.316296517849
0.231902062893
0.781561136246
0.98894816637
0.706764101982
0.114125430584
-0.532655000687
-1.1894493103
-1.98978805542
-2.85866451263
-3.41823387146
-3.22023582458
-2.25778484344
-0.985818564892
0.182454645634
0.89172244072
1.05519104004
0.943151950836
0.843005299568
0.887341082096
1.13280391693
1.49687862396
1.90633296967
2.15482139587
2.18392658234
1.91405200958
1.48175239563
0.922392368317
0.311289131641
-0.26956140995
-0.765808939934
-1.09775257111
-1.18047809601
-1.08533859253
-0.938040316105
-0.874196827412
-0.792514681816
-0.673590540886
-0.550389289856
-0.414774060249
-0.328501880169
-0.383478224277
-0.539122819901
-0.670878231525
-0.709059178829
-0.496873438358
-0.0915924310684
0.223973810673
0.0759445428848
-0.481747090816
-0.872006118298
-0.482685983181
0.657525360584
1.85730266571
2.40007686615
2.05081558228
1.33414077759
0.750056684017
0.420720219612
0.2394130826
-0.017629981041
-0.586275160313
-1.19101428986
-1.37242603302
-0.858966171741
0.0999379754066
0.922392368317
1.14573955536
0.84686511755
0.352599680424
-0.0989990830421
-0.531298875809
-1.05133056641
-1.5018863678
-1.77405548096
-1.56875514984
-0.980811238289
-0.293763518333
0.240977883339
0.573235273361
0.743797540665
0.861365497112
1.03234481812
1.21594715118
1.11433982849
0.514294803143
-0.487693309784
-1.33247184753
-1.55696678162
-1.12299823761
-0.330483913422
0.370646893978
0.65262234211
0.531403183937
0.398187220097
0.512834310532
0.871693134308
1.19643878937
1.19619083405
0.697470128536
-0.0601248592138
-0.633757352829
-0.8128272295
-0.741503715515
-0.765097022057
-0.936338663101
-0.979067564011
-0.626255333424
0.0902416110039
0.885020554066
1.54171848297
1.82059764862
1.63598251343
1.06528568268
0.344222962856
-0.461754560471
-1.15944194794
-1.44093036652
-0.98678702116
0.0216362513602
1.10997200012
1.6368522644
1.3237247467
0.463711619377
-0.55764991045
-1.29078102112
-1.66957855225
-1.88148403168
-2.34671783447
-2.9442691803
-3.15476036072
-2.49012565613
-1.04799842834
0.526880800724
1.55650520325
1.92214679718
2.14394569397
2.51524066925
2.81216907501
2.51991653442
1.64707279205
0.819894313812
0.369447112083
0.412719666958
0.591354608536
0.599943876266
0.160804092884
-0.619405627251
-1.5083398819
-1.99825382233
-1.89311695099
-1.3036108017
-0.505353271961
0.19798797369
0.691381514072
1.10301303864
1.41592407227
1.27925682068
0.591898262501
-0.324108839035
-1.08192062378
-1.54661083221
-1.81929302216
-1.83755874634
-1.39591789246
-0.460558593273
0.613969385624
1.30448055267
1.29915332794
0.729109048843
0.18167924881
0.234410822392
0.610925137997
0.57341504097
0.0517530441284
-0.434682071209
-0.482194840908
-0.225604116917
-0.155041635036
-0.709212422371
-1.52562713623
-1.87115478516
-1.3619966507
-0.425657868385
0.217123568058
0.0865449905396
-0.403912901878
-0.372817575932
0.744547963142
2.4011888504
3.56258773804
3.43907642365
2.13252925873
0.808260798454
-0.0177221558988
-0.510028421879
-1.02766704559
-1.76677894592
-2.13470363617
-1.71339511871
-0.609076797962
0.503178775311
0.960475623608
0.820655405521
0.488500893116
0.411306202412
0.482738435268
0.281162500381
-0.354551851749
-1.23283100128
-1.75155735016
-1.68099498749
-1.19640827179
-0.82402586937
-0.648326456547
-0.611142575741
-0.498394846916
-0.211687326431
0.25278532505
0.753028512001
1.14661216736
1.39233016968
1.47050380707
1.30774211884
1.00940132141
0.800106406212
0.837616324425
1.15425872803
1.51204586029
1.37767887115
0.57314491272
-0.499011397362
-1.38916969299
-1.94897079468
-2.11493682861
-1.95425224304
-1.59062767029
-0.991350769997
-0.278278768063
0.37474501133
0.843639671803
1.05927562714
0.925927877426
0.408753812313
-0.189040482044
-0.615215718746
-0.746154069901
-0.606505036354
-0.375208377838
-0.210539221764
-0.168746471405
-0.326187551022
-0.690646588802
-1.0137758255
-0.913510560989
-0.482794642448
0.136127710342
0.701210618019
1.11598777771
1.53595352173
2.1123418808
2.7850112915
2.9503288269
2.43241405487
1.37601089478
0.342960298061
-0.220454573631
-0.406807780266
-0.663217186928
-1.14628982544
-1.69626808167
-2.04182243347
-2.03941345215
-1.39037418365
-0.389942407608
0.2487180233
0.105640292168
-0.706121981144
-1.36535358429
-1.10227298737
-0.0677394866943
0.922684550285
1.21782875061
0.861895084381
0.537097513676
0.863841056824
1.70571994781
2.18508529663
1.68385028839
0.365849018097
-1.3214302063
-2.68863773346
-3.03632450104
-2.47207546234
-1.37425041199
-0.159479737282
0.903965830803
1.60804843903
2.09028720856
2.39720058441
2.07694339752
1.26861000061
0.258170008659
-0.746154069901
-1.5523557663
-1.99391365051
-2.15589523315
-1.9702835083
-1.52594566345
-1.22422218323
-1.20151901245
-1.10217952728
-0.670537829399
-0.0310434177518
0.618088364601
0.931673228741
0.797769546509
0.719280660152
0.968183994293
1.27694988251
1.29844856262
0.917309880257
0.0303020812571
-0.826032936573
-1.47516441345
-1.95712471008
-1.9173707962
-1.25971412659
-0.199511885643
0.651541113853
1.14147090912
1.38472175598
1.69422912598
1.96287059784
1.83146858215
1.06057262421
0.0720948576927
-0.561098217964
-1.01822376251
-1.31976222992
-1.60767841339
-1.65484523773
-1.36711502075
-0.946685314178
-0.80323690176
-0.920182526112
-0.926113247871
-0.603910326958
-0.00648668408394
0.604559004307
0.923611223698
0.998300790787
0.913510560989
0.671464502811
0.250846028328
0.00520979240537
0.108574271202
0.580171525478
1.27418231964
1.77216053009
1.81605625153
1.40176677704
0.788618683815
0.170094192028
-0.383751153946
-0.84315520525
-1.19586849213
-1.33320808411
-1.26021575928
-1.07288455963
-0.861888349056
-0.602340817451
-0.370892941952
-0.141274094582
0.0962703227997
0.335976243019
0.592087507248
0.897082149982
1.1589012146
1.23122882843
1.05986022949
0.670511543751
0.184504270554
-0.212991893291
-0.447986841202
-0.556727409363
-0.569641053677
-0.551295936108
-0.570638656616
-0.577234089375
-0.516545534134
-0.412626743317
-0.296182274818
-0.21515339613
-0.208668828011
-0.22873210907
-0.226515173912
-0.227124810219
-0.236435949802
-0.218811333179
-0.156460046768
-0.0417337715626
0.116056442261
0.282326459885
0.451367616653
0.627558469772
0.770051836967
0.845538437366
0.860613584518
0.817826747894
0.722498655319
0.590036869049
0.415896713734
0.206230223179
-0.000277116661891
-0.176467895508
-0.312532186508
-0.410409808159
-0.493267714977
-0.549688637257
-0.534946024418
-0.440393805504
-0.31125742197
-0.202849388123
-0.163886785507
-0.199856519699
-0.255169034004
-0.280331254005
-0.259104073048
-0.168209791183
-0.0060965642333
0.167267620564
0.208835124969
0.107576668262
0.0251067727804
