892.041
892.082
892.123
892.164
892.205
892.246
892.287
892.328
892.369
892.41
892.451
892.492
892.533
892.574
892.615
892.656
892.697
892.738
892.779
892.82
892.861
892.902
892.943
892.984
893.025
893.066
893.107
893.148
893.189
893.23
893.271
893.312
893.353
893.394
893.435
893.476
893.517
893.558
893.599
893.64
893.681
893.722
893.763
893.804
893.845
893.886
893.927
893.968
894.009
894.05
894.091
894.132
894.173
894.214
894.255
894.296
894.337
894.378
894.419
894.46
894.501
894.542
894.583
894.624
894.665
894.706
894.747
894.788
894.829
894.87
894.911
894.952
894.993
895.034
895.075
895.116
895.157
895.198
895.239
895.28
895.321
895.362
895.403
895.444
895.485
895.526
895.567
895.608
895.649
895.69
895.731
895.772
895.813
895.854
895.895
895.936
895.977
896.018
896.059
896.1
896.141
896.182
896.223
896.264
896.305
896.346
896.387
896.428
896.469
896.51
896.551
896.592
896.633
896.674
896.715
896.756
896.797
896.838
896.879
896.92
896.961
897.002
897.043
897.084
897.125
897.166
897.207
897.248
897.289
897.33
897.371
897.412
897.453
897.494
897.535
897.576
897.617
897.658
897.699
897.74
897.781
897.822
897.863
897.904
897.945
897.986
898.027
898.068
898.109
898.15
898.191
898.232
898.273
898.314
898.355
898.396
898.437
898.478
898.519
898.56
898.601
898.642
898.683
898.724
898.765
898.806
898.847
898.888
898.929
898.97
899.011
899.052
899.093
899.134
899.175
899.216
899.257
899.298
899.339
899.38
899.421
899.462
899.503
899.544
899.585
899.626
899.667
899.708
899.749
899.79
899.831
899.872
899.913
899.954
899.995
900.036
900.077
900.118
900.159
900.2
900.241
900.282
900.323
900.364
900.405
900.446
900.487
900.528
900.569
900.61
900.651
900.692
900.733
900.774
900.815
900.856
900.897
900.938
900.979
901.02
901.061
901.102
901.143
901.184
901.225
901.266
901.307
901.348
901.389
901.43
901.471
901.512
901.553
901.594
901.635
901.676
901.717
901.758
901.799
901.84
901.881
901.922
901.963
902.004
902.045
902.086
902.127
902.168
902.209
902.25
902.291
902.332
902.373
902.414
902.455
902.496
902.537
902.578
902.619
902.66
902.701
902.742
902.783
902.824
902.865
902.906
902.947
902.988
903.029
903.07
903.111
903.152
903.193
903.234
903.275
903.316
903.357
903.398
903.439
903.48
903.521
903.562
903.603
903.644
903.685
903.726
903.767
903.808
903.849
903.89
903.931
903.972
904.013
904.054
904.095
904.136
904.177
904.218
904.259
904.3
904.341
904.382
904.423
904.464
904.505
904.546
904.587
904.628
904.669
904.71
904.751
904.792
904.833
904.874
904.915
904.956
904.997
905.038
905.079
905.12
905.161
905.202
905.243
905.284
905.325
905.366
905.407
905.448
905.489
905.53
905.571
905.612
905.653
905.694
905.735
905.776
905.817
905.858
905.899
905.94
905.981
906.022
906.063
906.104
906.145
906.186
906.227
906.268
906.309
906.35
906.391
906.432
906.473
906.514
906.555
906.596
906.637
906.678
906.719
906.76
906.801
906.842
906.883
906.924
906.965
907.006
907.047
907.088
907.129
907.17
907.211
907.252
907.293
907.334
907.375
907.416
907.457
907.498
907.539
907.58
907.621
907.662
907.703
907.744
907.785
907.826
907.867
907.908
907.949
907.99
908.031
908.072
908.113
908.154
908.195
908.236
908.277
908.318
908.359
908.4
908.441
908.482
908.523
908.564
908.605
908.646
908.687
908.728
908.769
908.81
908.851
908.892
908.933
908.974
909.015
909.056
909.097
909.138
909.179
909.22
909.261
909.302
909.343
909.384
909.425
909.466
909.507
909.548
909.589
909.63
909.671
909.712
909.753
909.794
909.835
909.876
909.917
909.958
909.999
910.04
910.081
910.122
910.163
910.204
910.245
910.286
910.327
910.368
910.409
910.45
910.491
910.532
910.573
910.614
910.655
910.696
910.737
910.778
910.819
910.86
910.901
910.942
910.983
911.024
911.065
911.106
911.147
911.188
911.229
911.27
911.311
911.352
911.393
911.434
911.475
911.516
911.557
911.598
911.639
911.68
911.721
911.762
911.803
911.844
911.885
911.926
911.967
912.008
912.049
912.09
912.131
912.172
912.213
912.254
912.295
912.336
912.377
912.418
912.459
912.5
912.541
912.582
912.623
912.664
912.705
912.746
912.787
912.828
912.869
912.91
912.951
912.992
913.033
913.074
913.115
913.156
913.197
913.238
913.279
913.32
913.361
913.402
913.443
913.484
913.525
913.566
913.607
913.648
913.689
913.73
913.771
913.812
913.853
913.894
913.935
913.976
914.017
914.058
914.099
914.14
914.181
914.222
914.263
914.304
914.345
914.386
914.427
914.468
914.509
914.55
914.591
914.632
914.673
914.714
914.755
914.796
914.837
914.878
914.919
914.96
915.001
915.042
915.083
915.124
915.165
915.206
915.247
915.288
915.329
915.37
915.411
915.452
915.493
915.534
915.575
915.616
915.657
915.698
915.739
915.78
915.821
915.862
915.903
915.944
915.985
916.026
916.067
916.108
916.149
916.19
916.231
916.272
916.313
916.354
916.395
916.436
916.477
916.518
916.559
916.6
916.641
916.682
916.723
916.764
916.805
916.846
916.887
916.928
916.969
917.01
917.051
917.092
917.133
917.174
917.215
917.256
917.297
917.338
917.379
917.42
917.461
917.502
917.543
917.584
917.625
917.666
917.707
917.748
917.789
917.83
917.871
917.912
917.953
917.994
918.035
918.076
918.117
918.158
918.199
918.24
918.281
918.322
918.363
918.404
918.445
918.486
918.527
918.568
918.609
918.65
918.691
918.732
918.773
918.814
918.855
918.896
918.937
918.978
919.019
919.06
919.101
919.142
919.183
919.224
919.265
919.306
919.347
919.388
919.429
919.47
919.511
919.552
919.593
919.634
919.675
919.716
919.757
919.798
919.839
919.88
919.921
919.962
920.003
920.044
920.085
920.126
920.167
920.208
920.249
920.29
920.331
920.372
920.413
920.454
920.495
920.536
920.577
920.618
920.659
920.7
920.741
920.782
920.823
920.864
920.905
920.946
920.987
921.028
921.069
921.11
921.151
921.192
921.233
921.274
921.315
921.356
921.397
921.438
921.479
921.52
921.561
921.602
921.643
921.684
921.725
921.766
921.807
921.848
921.889
921.93
921.971
922.012
922.053
922.094
922.135
922.176
922.217
922.258
922.299
922.34
922.381
922.422
922.463
922.504
922.545
922.586
922.627
922.668
922.709
922.75
922.791
922.832
922.873
922.914
922.955
922.996
923.037
923.078
923.119
923.16
923.201
923.242
923.283
923.324
923.365
923.406
923.447
923.488
923.529
923.57
923.611
923.652
923.693
923.734
923.775
923.816
923.857
923.898
923.939
923.98
924.021
924.062
924.103
924.144
924.185
924.226
924.267
924.308
924.349
924.39
924.431
924.472
924.513
924.554
924.595
924.636
924.677
924.718
924.759
924.8
924.841
924.882
924.923
924.964
925.005
925.046
925.087
925.128
925.169
925.21
925.251
925.292
925.333
925.374
925.415
925.456
925.497
925.538
925.579
925.62
925.661
925.702
925.743
925.784
925.825
925.866
925.907
925.948
925.989
926.03
926.071
926.112
926.153
926.194
926.235
926.276
926.317
926.358
926.399
926.44
926.481
926.522
926.563
926.604
926.645
926.686
926.727
926.768
926.809
926.85
926.891
926.932
926.973
927.014
927.055
927.096
927.137
927.178
927.219
927.26
927.301
927.342
927.383
927.424
927.465
927.506
927.547
927.588
927.629
927.67
927.711
927.752
927.793
927.834
927.875
927.916
927.957
927.998
928.039
928.08
928.121
928.162
928.203
928.244
928.285
928.326
928.367
928.408
928.449
928.49
928.531
928.572
928.613
928.654
928.695
928.736
928.777
928.818
928.859
928.9
928.941
928.982
929.023
929.064
929.105
929.146
929.187
929.228
929.269
929.31
929.351
929.392
929.433
929.474
929.515
929.556
929.597
929.638
929.679
929.72
929.761
929.802
929.843
929.884
929.925
929.966
930.007
930.048
930.089
930.13
930.171
930.212
930.253
930.294
930.335
930.376
930.417
930.458
930.499
930.54
930.581
930.622
930.663
930.704
930.745
930.786
930.827
930.868
930.909
930.95
930.991
931.032
931.073
931.114
931.155
931.196
931.237
931.278
931.319
931.36
931.401
931.442
931.483
931.524
931.565
931.606
931.647
931.688
931.729
931.77
931.811
931.852
931.893
931.934
931.975
932.016
932.057
932.098
932.139
932.18
932.221
932.262
932.303
932.344
932.385
932.426
932.467
932.508
932.549
932.59
932.631
932.672
932.713
932.754
932.795
932.836
932.877
932.918
932.959
933
933.041
933.082
933.123
933.164
933.205
933.246
933.287
933.328
933.369
933.41
933.451
933.492
933.533
933.574
933.615
933.656
933.697
933.738
933.779
933.82
933.861
933.902
933.943
933.984
934.025
934.066
934.107
934.148
934.189
934.23
934.271
934.312
934.353
934.394
934.435
934.476
934.517
934.558
934.599
934.64
934.681
934.722
934.763
934.804
934.845
934.886
934.927
934.968
935.009
935.05
935.091
935.132
935.173
935.214
935.255
935.296
935.337
935.378
935.419
935.46
935.501
935.542
935.583
935.624
935.665
935.706
935.747
935.788
935.829
935.87
935.911
935.952
935.993
936.034
936.075
936.116
936.157
936.198
936.239
936.28
936.321
936.362
936.403
936.444
936.485
936.526
936.567
936.608
936.649
936.69
936.731
936.772
936.813
936.854
936.895
936.936
936.977
937.018
937.059
937.1
937.141
937.182
937.223
937.264
937.305
937.346
937.387
937.428
937.469
937.51
937.551
937.592
937.633
937.674
937.715
937.756
937.797
937.838
937.879
937.92
937.961
938.002
938.043
938.084
938.125
938.166
938.207
938.248
938.289
938.33
938.371
938.412
938.453
938.494
938.535
938.576
938.617
938.658
938.699
938.74
938.781
938.822
938.863
938.904
938.945
938.986
939.027
939.068
939.109
939.15
939.191
939.232
939.273
939.314
939.355
939.396
939.437
939.478
939.519
939.56
939.601
939.642
939.683
939.724
939.765
939.806
939.847
939.888
939.929
939.97
940.011
940.052
940.093
940.134
940.175
940.216
940.257
940.298
940.339
940.38
940.421
940.462
940.503
940.544
940.585
940.626
940.667
940.708
940.749
940.79
940.831
940.872
940.913
940.954
940.995
941.036
941.077
941.118
941.159
941.2
941.241
941.282
941.323
941.364
941.405
941.446
941.487
941.528
941.569
941.61
941.651
941.692
941.733
941.774
941.815
941.856
941.897
941.938
941.979
942.02
942.061
942.102
942.143
942.184
942.225
942.266
942.307
942.348
942.389
942.43
942.471
942.512
942.553
942.594
942.635
942.676
942.717
942.758
942.799
942.84
942.881
942.922
942.963
943.004
943.045
943.086
943.127
943.168
943.209
943.25
943.291
943.332
943.373
943.414
943.455
943.496
943.537
943.578
943.619
943.66
943.701
943.742
943.783
943.824
943.865
943.906
943.947
943.988
944.029
944.07
944.111
944.152
944.193
944.234
944.275
944.316
944.357
944.398
944.439
944.48
944.521
944.562
944.603
944.644
944.685
944.726
944.767
944.808
944.849
944.89
944.931
944.972
945.013
945.054
945.095
945.136
945.177
945.218
945.259
945.3
945.341
945.382
945.423
945.464
945.505
945.546
945.587
945.628
945.669
945.71
945.751
945.792
945.833
945.874
945.915
945.956
945.997
946.038
946.079
946.12
946.161
946.202
946.243
946.284
946.325
946.366
946.407
946.448
946.489
946.53
946.571
946.612
946.653
946.694
946.735
946.776
946.817
946.858
946.899
946.94
946.981
947.022
947.063
947.104
947.145
947.186
947.227
947.268
947.309
947.35
947.391
947.432
947.473
947.514
947.555
947.596
947.637
947.678
947.719
947.76
947.801
947.842
947.883
947.924
947.965
948.006
948.047
948.088
948.129
948.17
948.211
948.252
948.293
948.334
948.375
948.416
948.457
948.498
948.539
948.58
948.621
948.662
948.703
948.744
948.785
948.826
948.867
948.908
948.949
948.99
949.031
949.072
949.113
949.154
949.195
949.236
949.277
949.318
949.359
949.4
949.441
949.482
949.523
949.564
949.605
949.646
949.687
949.728
949.769
949.81
949.851
949.892
949.933
949.974
950.015
950.056
950.097
950.138
950.179
950.22
950.261
950.302
950.343
950.384
950.425
950.466
950.507
950.548
950.589
950.63
950.671
950.712
950.753
950.794
950.835
950.876
950.917
950.958
950.999
951.04
951.081
951.122
951.163
951.204
951.245
951.286
951.327
951.368
951.409
951.45
951.491
951.532
951.573
951.614
951.655
951.696
951.737
951.778
951.819
951.86
951.901
951.942
951.983
952.024
952.065
952.106
952.147
952.188
952.229
952.27
952.311
952.352
952.393
952.434
952.475
952.516
952.557
952.598
952.639
952.68
952.721
952.762
952.803
952.844
952.885
952.926
952.967
953.008
953.049
953.09
953.131
953.172
953.213
953.254
953.295
953.336
953.377
953.418
953.459
953.5
953.541
953.582
953.623
953.664
953.705
953.746
953.787
953.828
953.869
953.91
953.951
953.992
954.033
954.074
954.115
954.156
954.197
954.238
954.279
954.32
954.361
954.402
954.443
954.484
954.525
954.566
954.607
954.648
954.689
954.73
954.771
954.812
954.853
954.894
954.935
954.976
955.017
955.058
955.099
955.14
955.181
955.222
955.263
955.304
955.345
955.386
955.427
955.468
955.509
955.55
955.591
955.632
955.673
955.714
955.755
955.796
955.837
955.878
955.919
955.96
956.001
956.042
956.083
956.124
956.165
956.206
956.247
956.288
956.329
956.37
956.411
956.452
956.493
956.534
956.575
956.616
956.657
956.698
956.739
956.78
956.821
956.862
956.903
956.944
956.985
957.026
957.067
957.108
957.149
957.19
957.231
957.272
957.313
957.354
957.395
957.436
957.477
957.518
957.559
957.6
957.641
957.682
957.723
957.764
957.805
957.846
957.887
957.928
957.969
958.01
958.051
958.092
958.133
958.174
958.215
958.256
958.297
958.338
958.379
958.42
958.461
958.502
958.543
958.584
958.625
958.666
958.707
958.748
958.789
958.83
958.871
958.912
958.953
958.994
959.035
959.076
959.117
959.158
959.199
959.24
959.281
959.322
959.363
959.404
959.445
959.486
959.527
959.568
959.609
959.65
959.691
959.732
959.773
959.814
959.855
959.896
959.937
959.978
960.019
960.06
960.101
960.142
960.183
960.224
960.265
960.306
960.347
960.388
960.429
960.47
960.511
960.552
960.593
960.634
960.675
960.716
960.757
960.798
960.839
960.88
960.921
960.962
961.003
961.044
961.085
961.126
961.167
961.208
961.249
961.29
961.331
961.372
961.413
961.454
961.495
961.536
961.577
961.618
961.659
961.7
961.741
961.782
961.823
961.864
961.905
961.946
961.987
962.028
962.069
962.11
962.151
962.192
962.233
962.274
962.315
962.356
962.397
962.438
962.479
962.52
962.561
962.602
962.643
962.684
962.725
962.766
962.807
962.848
962.889
962.93
962.971
963.012
963.053
963.094
963.135
963.176
963.217
963.258
963.299
963.34
963.381
963.422
963.463
963.504
963.545
963.586
963.627
963.668
963.709
963.75
963.791
963.832
963.873
963.914
963.955
963.996
964.037
964.078
964.119
964.16
964.201
964.242
964.283
964.324
964.365
964.406
964.447
964.488
964.529
964.57
964.611
964.652
964.693
964.734
964.775
964.816
964.857
964.898
964.939
964.98
965.021
965.062
965.103
965.144
965.185
965.226
965.267
965.308
965.349
965.39
965.431
965.472
965.513
965.554
965.595
965.636
965.677
965.718
965.759
965.8
965.841
965.882
965.923
965.964
966.005
966.046
966.087
966.128
966.169
966.21
966.251
966.292
966.333
966.374
966.415
966.456
966.497
966.538
966.579
966.62
966.661
966.702
966.743
966.784
966.825
966.866
966.907
966.948
966.989
967.03
967.071
967.112
967.153
967.194
967.235
967.276
967.317
967.358
967.399
967.44
967.481
967.522
967.563
967.604
967.645
967.686
967.727
967.768
967.809
967.85
967.891
967.932
967.973
968.014
968.055
968.096
968.137
968.178
968.219
968.26
968.301
968.342
968.383
968.424
968.465
968.506
968.547
968.588
968.629
968.67
968.711
968.752
968.793
968.834
968.875
968.916
968.957
968.998
969.039
969.08
969.121
969.162
969.203
969.244
969.285
969.326
969.367
969.408
969.449
969.49
969.531
969.572
969.613
969.654
969.695
969.736
969.777
969.818
969.859
969.9
969.941
969.982
970.023
970.064
970.105
970.146
970.187
970.228
970.269
970.31
970.351
970.392
970.433
970.474
970.515
970.556
970.597
970.638
970.679
970.72
970.761
970.802
970.843
970.884
970.925
970.966
971.007
971.048
971.089
971.13
971.171
971.212
971.253
971.294
971.335
971.376
971.417
971.458
971.499
971.54
971.581
971.622
971.663
971.704
971.745
971.786
971.827
971.868
971.909
971.95
971.991
972.032
972.073
972.114
972.155
972.196
972.237
972.278
972.319
972.36
972.401
972.442
972.483
972.524
972.565
972.606
972.647
972.688
972.729
972.77
972.811
972.852
972.893
972.934
972.975
973.016
973.057
973.098
973.139
973.18
973.221
973.262
973.303
973.344
973.385
973.426
973.467
973.508
973.549
973.59
973.631
973.672
973.713
973.754
973.795
973.836
973.877
973.918
973.959
974
974.041
974.082
974.123
974.164
974.205
974.246
974.287
974.328
974.369
974.41
974.451
974.492
974.533
974.574
974.615
974.656
974.697
974.738
974.779
974.82
974.861
974.902
974.943
974.984
975.025
975.066
975.107
975.148
975.189
975.23
975.271
975.312
975.353
975.394
975.435
975.476
975.517
975.558
975.599
975.64
975.681
975.722
975.763
975.804
975.845
975.886
975.927
975.968
976.009
976.05
976.091
976.132
976.173
976.214
976.255
976.296
976.337
976.378
976.419
976.46
976.501
976.542
976.583
976.624
976.665
976.706
976.747
976.788
976.829
976.87
976.911
976.952
976.993
977.034
977.075
977.116
977.157
977.198
977.239
977.28
977.321
977.362
977.403
977.444
977.485
977.526
977.567
977.608
977.649
977.69
977.731
977.772
977.813
977.854
977.895
977.936
977.977
978.018
978.059
978.1
978.141
978.182
978.223
978.264
978.305
978.346
978.387
978.428
978.469
978.51
978.551
978.592
978.633
978.674
978.715
978.756
978.797
978.838
978.879
978.92
978.961
979.002
979.043
979.084
979.125
979.166
979.207
979.248
979.289
979.33
979.371
979.412
979.453
979.494
979.535
979.576
979.617
979.658
979.699
979.74
979.781
979.822
979.863
979.904
979.945
979.986
980.027
980.068
980.109
980.15
980.191
980.232
980.273
980.314
980.355
980.396
980.437
980.478
980.519
980.56
980.601
980.642
980.683
980.724
980.765
980.806
980.847
980.888
980.929
980.97
981.011
981.052
981.093
981.134
981.175
981.216
981.257
981.298
981.339
981.38
981.421
981.462
981.503
981.544
981.585
981.626
981.667
981.708
981.749
981.79
981.831
981.872
981.913
981.954
981.995
982.036
982.077
982.118
982.159
982.2
982.241
982.282
982.323
982.364
982.405
982.446
982.487
982.528
982.569
982.61
982.651
982.692
982.733
982.774
982.815
982.856
982.897
982.938
982.979
983.02
983.061
983.102
983.143
983.184
983.225
983.266
983.307
983.348
983.389
983.43
983.471
983.512
983.553
983.594
983.635
983.676
983.717
983.758
983.799
983.84
983.881
983.922
983.963
984.004
984.045
984.086
984.127
984.168
984.209
984.25
984.291
984.332
984.373
984.414
984.455
984.496
984.537
984.578
984.619
984.66
984.701
984.742
984.783
984.824
984.865
984.906
984.947
984.988
985.029
985.07
985.111
985.152
985.193
985.234
985.275
985.316
985.357
985.398
985.439
985.48
985.521
985.562
985.603
985.644
985.685
985.726
985.767
985.808
985.849
985.89
985.931
985.972
986.013
986.054
986.095
986.136
986.177
986.218
986.259
986.3
986.341
986.382
986.423
986.464
986.505
986.546
986.587
986.628
986.669
986.71
986.751
986.792
986.833
986.874
986.915
986.956
986.997
987.038
987.079
987.12
987.161
987.202
987.243
987.284
987.325
987.366
987.407
987.448
987.489
987.53
987.571
987.612
987.653
987.694
987.735
987.776
987.817
987.858
987.899
987.94
987.981
988.022
988.063
988.104
988.145
988.186
988.227
988.268
988.309
988.35
988.391
988.432
988.473
988.514
988.555
988.596
988.637
988.678
988.719
988.76
988.801
988.842
988.883
988.924
988.965
989.006
989.047
989.088
989.129
989.17
989.211
989.252
989.293
989.334
989.375
989.416
989.457
989.498
989.539
989.58
989.621
989.662
989.703
989.744
989.785
989.826
989.867
989.908
989.949
989.99
990.031
990.072
990.113
990.154
990.195
990.236
990.277
990.318
990.359
990.4
990.441
990.482
990.523
990.564
990.605
990.646
990.687
990.728
990.769
990.81
990.851
990.892
990.933
990.974
991.015
991.056
991.097
991.138
991.179
991.22
991.261
991.302
991.343
991.384
991.425
991.466
991.507
991.548
991.589
991.63
991.671
991.712
991.753
991.794
991.835
991.876
991.917
991.958
991.999
992.04
992.081
992.122
992.163
992.204
992.245
992.286
992.327
992.368
992.409
992.45
992.491
992.532
992.573
992.614
992.655
992.696
992.737
992.778
992.819
992.86
992.901
992.942
992.983
993.024
993.065
993.106
993.147
993.188
993.229
993.27
993.311
993.352
993.393
993.434
993.475
993.516
993.557
993.598
993.639
993.68
993.721
993.762
993.803
993.844
993.885
993.926
993.967
994.008
994.049
994.09
994.131
994.172
994.213
994.254
994.295
994.336
994.377
994.418
994.459
994.5
994.541
994.582
994.623
994.664
994.705
994.746
994.787
994.828
994.869
994.91
994.951
994.992
995.033
995.074
995.115
995.156
995.197
995.238
995.279
995.32
995.361
995.402
995.443
995.484
995.525
995.566
995.607
995.648
995.689
995.73
995.771
995.812
995.853
995.894
995.935
995.976
996.017
996.058
996.099
996.14
996.181
996.222
996.263
996.304
996.345
996.386
996.427
996.468
996.509
996.55
996.591
996.632
996.673
996.714
996.755
996.796
996.837
996.878
996.919
996.96
997.001
997.042
997.083
997.124
997.165
997.206
997.247
997.288
997.329
997.37
997.411
997.452
997.493
997.534
997.575
997.616
997.657
997.698
997.739
997.78
997.821
997.862
997.903
997.944
997.985
998.026
998.067
998.108
998.149
998.19
998.231
998.272
998.313
998.354
998.395
998.436
998.477
998.518
998.559
998.6
998.641
998.682
998.723
998.764
998.805
998.846
998.887
998.928
998.969
999.01
999.051
999.092
999.133
999.174
999.215
999.256
999.297
999.338
999.379
999.42
999.461
999.502
999.543
999.584
999.625
999.666
999.707
999.748
999.789
999.83
999.871
999.912
999.953
999.994
1000.035
1000.076
1000.117
1000.158
1000.199
1000.24
1000.281
1000.322
1000.363
1000.404
1000.445
1000.486
1000.527
1000.568
1000.609
1000.65
1000.691
1000.732
1000.773
1000.814
1000.855
1000.896
1000.937
1000.978
1001.019
1001.06
1001.101
1001.142
1001.183
1001.224
1001.265
1001.306
1001.347
1001.388
1001.429
1001.47
1001.511
1001.552
1001.593
1001.634
1001.675
1001.716
1001.757
1001.798
1001.839
1001.88
1001.921
1001.962
1002.003
1002.044
1002.085
1002.126
1002.167
1002.208
1002.249
1002.29
1002.331
1002.372
1002.413
1002.454
1002.495
1002.536
1002.577
1002.618
1002.659
1002.7
1002.741
1002.782
1002.823
1002.864
1002.905
1002.946
1002.987
1003.028
1003.069
1003.11
1003.151
1003.192
1003.233
1003.274
1003.315
1003.356
1003.397
1003.438
1003.479
1003.52
1003.561
1003.602
1003.643
1003.684
1003.725
1003.766
1003.807
1003.848
1003.889
1003.93
1003.971
1004.012
1004.053
1004.094
1004.135
1004.176
1004.217
1004.258
1004.299
1004.34
1004.381
1004.422
1004.463
1004.504
1004.545
1004.586
1004.627
1004.668
1004.709
1004.75
1004.791
1004.832
1004.873
1004.914
1004.955
1004.996
1005.037
1005.078
1005.119
1005.16
1005.201
1005.242
1005.283
1005.324
1005.365
1005.406
1005.447
1005.488
1005.529
1005.57
1005.611
1005.652
1005.693
1005.734
1005.775
1005.816
1005.857
1005.898
1005.939
1005.98
1006.021
1006.062
1006.103
1006.144
1006.185
1006.226
1006.267
1006.308
1006.349
1006.39
1006.431
1006.472
1006.513
1006.554
1006.595
1006.636
1006.677
1006.718
1006.759
1006.8
1006.841
1006.882
1006.923
1006.964
1007.005
1007.046
1007.087
1007.128
1007.169
1007.21
1007.251
1007.292
1007.333
1007.374
1007.415
1007.456
1007.497
1007.538
1007.579
1007.62
1007.661
1007.702
1007.743
1007.784
1007.825
1007.866
1007.907
1007.948
1007.989
1008.03
1008.071
1008.112
1008.153
1008.194
1008.235
1008.276
1008.317
1008.358
1008.399
1008.44
1008.481
1008.522
1008.563
1008.604
1008.645
1008.686
1008.727
1008.768
1008.809
1008.85
1008.891
1008.932
1008.973
1009.014
1009.055
1009.096
1009.137
1009.178
1009.219
1009.26
1009.301
1009.342
1009.383
1009.424
1009.465
1009.506
1009.547
1009.588
1009.629
1009.67
1009.711
1009.752
1009.793
1009.834
1009.875
1009.916
1009.957
1009.998
1010.039
1010.08
1010.121
1010.162
1010.203
1010.244
1010.285
1010.326
1010.367
1010.408
1010.449
1010.49
1010.531
1010.572
1010.613
1010.654
1010.695
1010.736
1010.777
1010.818
1010.859
1010.9
1010.941
1010.982
1011.023
1011.064
1011.105
1011.146
1011.187
1011.228
1011.269
1011.31
1011.351
1011.392
1011.433
1011.474
1011.515
1011.556
1011.597
1011.638
1011.679
1011.72
1011.761
1011.802
1011.843
1011.884
1011.925
1011.966
1012.007
1012.048
1012.089
1012.13
1012.171
1012.212
1012.253
1012.294
1012.335
1012.376
1012.417
1012.458
1012.499
1012.54
1012.581
1012.622
1012.663
1012.704
1012.745
1012.786
1012.827
1012.868
1012.909
1012.95
1012.991
1013.032
1013.073
1013.114
1013.155
1013.196
1013.237
1013.278
1013.319
1013.36
1013.401
1013.442
1013.483
1013.524
1013.565
1013.606
1013.647
1013.688
1013.729
1013.77
1013.811
1013.852
1013.893
1013.934
1013.975
1014.016
1014.057
1014.098
1014.139
1014.18
1014.221
1014.262
1014.303
1014.344
1014.385
1014.426
1014.467
1014.508
1014.549
1014.59
1014.631
1014.672
1014.713
1014.754
1014.795
1014.836
1014.877
1014.918
1014.959
1015
1015.041
1015.082
1015.123
1015.164
1015.205
1015.246
1015.287
1015.328
1015.369
1015.41
1015.451
1015.492
1015.533
1015.574
1015.615
1015.656
1015.697
1015.738
1015.779
1015.82
1015.861
1015.902
1015.943
1015.984
1016.025
1016.066
1016.107
1016.148
1016.189
1016.23
1016.271
1016.312
1016.353
1016.394
1016.435
1016.476
1016.517
1016.558
1016.599
1016.64
1016.681
1016.722
1016.763
1016.804
1016.845
1016.886
1016.927
1016.968
1017.009
1017.05
1017.091
1017.132
1017.173
1017.214
1017.255
1017.296
1017.337
1017.378
1017.419
1017.46
1017.501
1017.542
1017.583
1017.624
1017.665
1017.706
1017.747
1017.788
1017.829
1017.87
1017.911
1017.952
1017.993
1018.034
1018.075
1018.116
1018.157
1018.198
1018.239
1018.28
1018.321
1018.362
1018.403
1018.444
1018.485
1018.526
1018.567
1018.608
1018.649
1018.69
1018.731
1018.772
1018.813
1018.854
1018.895
1018.936
1018.977
1019.018
1019.059
1019.1
1019.141
1019.182
1019.223
1019.264
1019.305
1019.346
1019.387
1019.428
1019.469
1019.51
1019.551
1019.592
1019.633
1019.674
1019.715
1019.756
1019.797
1019.838
1019.879
1019.92
1019.961
1020.002
1020.043
1020.084
1020.125
1020.166
1020.207
1020.248
1020.289
1020.33
1020.371
1020.412
1020.453
1020.494
1020.535
1020.576
1020.617
1020.658
1020.699
1020.74
1020.781
1020.822
1020.863
1020.904
1020.945
1020.986
1021.027
1021.068
1021.109
1021.15
1021.191
1021.232
1021.273
1021.314
1021.355
1021.396
1021.437
1021.478
1021.519
1021.56
1021.601
1021.642
1021.683
1021.724
1021.765
1021.806
1021.847
1021.888
1021.929
1021.97
1022.011
1022.052
1022.093
1022.134
1022.175
1022.216
1022.257
1022.298
1022.339
1022.38
1022.421
1022.462
1022.503
1022.544
1022.585
1022.626
1022.667
1022.708
1022.749
1022.79
1022.831
1022.872
1022.913
1022.954
1022.995
1023.036
1023.077
1023.118
1023.159
1023.2
1023.241
1023.282
1023.323
1023.364
1023.405
1023.446
1023.487
1023.528
1023.569
1023.61
1023.651
1023.692
1023.733
1023.774
1023.815
1023.856
1023.897
1023.938
1023.979
1024.02
1024.061
1024.102
1024.143
1024.184
1024.225
1024.266
1024.307
1024.348
1024.389
1024.43
1024.471
1024.512
1024.553
1024.594
1024.635
1024.676
1024.717
1024.758
1024.799
1024.84
1024.881
1024.922
1024.963
1025.004
1025.045
1025.086
1025.127
1025.168
1025.209
1025.25
1025.291
1025.332
1025.373
1025.414
1025.455
1025.496
1025.537
1025.578
1025.619
1025.66
1025.701
1025.742
1025.783
1025.824
1025.865
1025.906
1025.947
1025.988
1026.029
1026.07
1026.111
1026.152
1026.193
1026.234
1026.275
1026.316
1026.357
1026.398
1026.439
1026.48
1026.521
1026.562
1026.603
1026.644
1026.685
1026.726
1026.767
1026.808
1026.849
1026.89
1026.931
1026.972
1027.013
1027.054
1027.095
1027.136
1027.177
1027.218
1027.259
1027.3
1027.341
1027.382
1027.423
1027.464
1027.505
1027.546
1027.587
1027.628
1027.669
1027.71
1027.751
1027.792
1027.833
1027.874
1027.915
1027.956
1027.997
1028.038
1028.079
1028.12
1028.161
1028.202
1028.243
1028.284
1028.325
1028.366
1028.407
1028.448
1028.489
1028.53
1028.571
1028.612
1028.653
1028.694
1028.735
1028.776
1028.817
1028.858
1028.899
1028.94
1028.981
1029.022
1029.063
1029.104
1029.145
1029.186
1029.227
1029.268
1029.309
1029.35
1029.391
1029.432
1029.473
1029.514
1029.555
1029.596
1029.637
1029.678
1029.719
1029.76
1029.801
1029.842
1029.883
1029.924
1029.965
1030.006
1030.047
1030.088
1030.129
1030.17
1030.211
1030.252
1030.293
1030.334
1030.375
1030.416
1030.457
1030.498
1030.539
1030.58
1030.621
1030.662
1030.703
1030.744
1030.785
1030.826
1030.867
1030.908
1030.949
1030.99
1031.031
1031.072
1031.113
1031.154
1031.195
1031.236
1031.277
1031.318
1031.359
1031.4
1031.441
1031.482
1031.523
1031.564
1031.605
1031.646
1031.687
1031.728
1031.769
1031.81
1031.851
1031.892
1031.933
1031.974
1032.015
1032.056
1032.097
1032.138
1032.179
1032.22
1032.261
1032.302
1032.343
1032.384
1032.425
1032.466
1032.507
1032.548
1032.589
1032.63
1032.671
1032.712
1032.753
1032.794
1032.835
1032.876
1032.917
1032.958
1032.999
1033.04
1033.081
1033.122
1033.163
1033.204
1033.245
1033.286
1033.327
1033.368
1033.409
1033.45
1033.491
1033.532
1033.573
1033.614
1033.655
1033.696
1033.737
1033.778
1033.819
1033.86
1033.901
1033.942
1033.983
1034.024
1034.065
1034.106
1034.147
1034.188
1034.229
1034.27
1034.311
1034.352
1034.393
1034.434
1034.475
1034.516
1034.557
1034.598
1034.639
1034.68
1034.721
1034.762
1034.803
1034.844
1034.885
1034.926
1034.967
1035.008
1035.049
1035.09
1035.131
1035.172
1035.213
1035.254
1035.295
1035.336
1035.377
1035.418
1035.459
1035.5
1035.541
1035.582
1035.623
1035.664
1035.705
1035.746
1035.787
1035.828
1035.869
1035.91
1035.951
1035.992
1036.033
1036.074
1036.115
1036.156
1036.197
1036.238
1036.279
1036.32
1036.361
1036.402
1036.443
1036.484
1036.525
1036.566
1036.607
1036.648
1036.689
1036.73
1036.771
1036.812
1036.853
1036.894
1036.935
1036.976
1037.017
1037.058
1037.099
1037.14
1037.181
1037.222
1037.263
1037.304
1037.345
1037.386
1037.427
1037.468
1037.509
1037.55
1037.591
1037.632
1037.673
1037.714
1037.755
1037.796
1037.837
1037.878
1037.919
1037.96
1038.001
1038.042
1038.083
1038.124
1038.165
1038.206
1038.247
1038.288
1038.329
1038.37
1038.411
1038.452
1038.493
1038.534
1038.575
1038.616
1038.657
1038.698
1038.739
1038.78
1038.821
1038.862
1038.903
1038.944
1038.985
1039.026
1039.067
1039.108
1039.149
1039.19
1039.231
1039.272
1039.313
1039.354
1039.395
1039.436
1039.477
1039.518
1039.559
1039.6
1039.641
1039.682
1039.723
1039.764
1039.805
1039.846
1039.887
1039.928
1039.969
1040.01
1040.051
1040.092
1040.133
1040.174
1040.215
1040.256
1040.297
1040.338
1040.379
1040.42
1040.461
1040.502
1040.543
1040.584
1040.625
1040.666
1040.707
1040.748
1040.789
1040.83
1040.871
1040.912
1040.953
1040.994
1041.035
1041.076
1041.117
1041.158
1041.199
1041.24
1041.281
1041.322
1041.363
1041.404
1041.445
1041.486
1041.527
1041.568
1041.609
1041.65
1041.691
1041.732
1041.773
1041.814
1041.855
1041.896
1041.937
1041.978
1042.019
1042.06
1042.101
1042.142
1042.183
1042.224
1042.265
1042.306
1042.347
1042.388
1042.429
1042.47
1042.511
1042.552
1042.593
1042.634
1042.675
1042.716
1042.757
1042.798
1042.839
1042.88
1042.921
1042.962
1043.003
1043.044
1043.085
1043.126
1043.167
1043.208
1043.249
1043.29
1043.331
1043.372
1043.413
1043.454
1043.495
1043.536
1043.577
1043.618
1043.659
1043.7
1043.741
1043.782
1043.823
1043.864
1043.905
1043.946
1043.987
1044.028
1044.069
1044.11
1044.151
1044.192
1044.233
1044.274
1044.315
1044.356
1044.397
1044.438
1044.479
1044.52
1044.561
1044.602
1044.643
1044.684
1044.725
1044.766
1044.807
1044.848
1044.889
1044.93
1044.971
1045.012
1045.053
1045.094
1045.135
1045.176
1045.217
1045.258
1045.299
1045.34
1045.381
1045.422
1045.463
1045.504
1045.545
1045.586
1045.627
1045.668
1045.709
1045.75
1045.791
1045.832
1045.873
1045.914
1045.955
1045.996
1046.037
1046.078
1046.119
1046.16
1046.201
1046.242
1046.283
1046.324
1046.365
1046.406
1046.447
1046.488
1046.529
1046.57
1046.611
1046.652
1046.693
1046.734
1046.775
1046.816
1046.857
1046.898
1046.939
1046.98
1047.021
1047.062
1047.103
1047.144
1047.185
1047.226
1047.267
1047.308
1047.349
1047.39
1047.431
1047.472
1047.513
1047.554
1047.595
1047.636
1047.677
1047.718
1047.759
1047.8
1047.841
1047.882
1047.923
1047.964
1048.005
1048.046
1048.087
1048.128
1048.169
1048.21
1048.251
1048.292
1048.333
1048.374
1048.415
1048.456
1048.497
1048.538
1048.579
1048.62
1048.661
1048.702
1048.743
1048.784
1048.825
1048.866
1048.907
1048.948
1048.989
1049.03
1049.071
1049.112
1049.153
1049.194
1049.235
1049.276
1049.317
1049.358
1049.399
1049.44
1049.481
1049.522
1049.563
1049.604
1049.645
1049.686
1049.727
1049.768
1049.809
1049.85
1049.891
1049.932
1049.973
1050.014
1050.055
1050.096
1050.137
1050.178
1050.219
1050.26
1050.301
1050.342
1050.383
1050.424
1050.465
1050.506
1050.547
1050.588
1050.629
1050.67
1050.711
1050.752
1050.793
1050.834
1050.875
1050.916
1050.957
1050.998
1051.039
1051.08
1051.121
1051.162
1051.203
1051.244
1051.285
1051.326
1051.367
1051.408
1051.449
1051.49
1051.531
1051.572
1051.613
1051.654
1051.695
1051.736
1051.777
1051.818
1051.859
1051.9
1051.941
1051.982
1052.023
1052.064
1052.105
1052.146
1052.187
1052.228
1052.269
1052.31
1052.351
1052.392
1052.433
1052.474
1052.515
1052.556
1052.597
1052.638
1052.679
1052.72
1052.761
1052.802
1052.843
1052.884
1052.925
1052.966
1053.007
1053.048
1053.089
1053.13
1053.171
1053.212
1053.253
1053.294
1053.335
1053.376
1053.417
1053.458
1053.499
1053.54
1053.581
1053.622
1053.663
1053.704
1053.745
1053.786
1053.827
1053.868
1053.909
1053.95
1053.991
1054.032
1054.073
1054.114
1054.155
1054.196
1054.237
1054.278
1054.319
1054.36
1054.401
1054.442
1054.483
1054.524
1054.565
1054.606
1054.647
1054.688
1054.729
1054.77
1054.811
1054.852
1054.893
1054.934
1054.975
1055.016
1055.057
1055.098
1055.139
1055.18
1055.221
1055.262
1055.303
1055.344
1055.385
1055.426
1055.467
1055.508
1055.549
1055.59
1055.631
1055.672
1055.713
1055.754
1055.795
1055.836
1055.877
1055.918
1055.959
1056
1056.041
1056.082
1056.123
1056.164
1056.205
1056.246
1056.287
1056.328
1056.369
1056.41
1056.451
1056.492
1056.533
1056.574
1056.615
1056.656
1056.697
1056.738
1056.779
1056.82
1056.861
1056.902
1056.943
1056.984
1057.025
1057.066
1057.107
1057.148
1057.189
1057.23
1057.271
1057.312
1057.353
1057.394
1057.435
1057.476
1057.517
1057.558
1057.599
1057.64
1057.681
1057.722
1057.763
1057.804
1057.845
1057.886
1057.927
1057.968
1058.009
1058.05
1058.091
1058.132
1058.173
1058.214
1058.255
1058.296
1058.337
1058.378
1058.419
1058.46
1058.501
1058.542
1058.583
1058.624
1058.665
1058.706
1058.747
1058.788
1058.829
1058.87
1058.911
1058.952
1058.993
1059.034
1059.075
1059.116
1059.157
1059.198
1059.239
1059.28
1059.321
1059.362
1059.403
1059.444
1059.485
1059.526
1059.567
1059.608
1059.649
1059.69
1059.731
1059.772
1059.813
1059.854
1059.895
1059.936
1059.977
1060.018
1060.059
1060.1
1060.141
1060.182
1060.223
1060.264
1060.305
1060.346
1060.387
1060.428
1060.469
1060.51
1060.551
1060.592
1060.633
1060.674
1060.715
1060.756
1060.797
1060.838
1060.879
1060.92
1060.961
1061.002
1061.043
1061.084
1061.125
1061.166
1061.207
1061.248
1061.289
1061.33
1061.371
1061.412
1061.453
1061.494
1061.535
1061.576
1061.617
1061.658
1061.699
1061.74
1061.781
1061.822
1061.863
1061.904
1061.945
1061.986
1062.027
1062.068
1062.109
1062.15
1062.191
1062.232
1062.273
1062.314
1062.355
1062.396
1062.437
1062.478
1062.519
1062.56
1062.601
1062.642
1062.683
1062.724
1062.765
1062.806
1062.847
1062.888
1062.929
1062.97
1063.011
1063.052
1063.093
1063.134
1063.175
1063.216
1063.257
1063.298
1063.339
1063.38
1063.421
1063.462
1063.503
1063.544
1063.585
1063.626
1063.667
1063.708
1063.749
1063.79
1063.831
1063.872
1063.913
1063.954
1063.995
1064.036
1064.077
1064.118
1064.159
1064.2
1064.241
1064.282
1064.323
1064.364
1064.405
1064.446
1064.487
1064.528
1064.569
1064.61
1064.651
1064.692
1064.733
1064.774
1064.815
1064.856
1064.897
1064.938
1064.979
1065.02
1065.061
1065.102
1065.143
1065.184
1065.225
1065.266
1065.307
1065.348
1065.389
1065.43
1065.471
1065.512
1065.553
1065.594
1065.635
1065.676
1065.717
1065.758
1065.799
1065.84
1065.881
1065.922
1065.963
1066.004
1066.045
1066.086
1066.127
1066.168
1066.209
1066.25
1066.291
1066.332
1066.373
1066.414
1066.455
1066.496
1066.537
1066.578
1066.619
1066.66
1066.701
1066.742
1066.783
1066.824
1066.865
1066.906
1066.947
1066.988
1067.029
1067.07
1067.111
1067.152
1067.193
1067.234
1067.275
1067.316
1067.357
1067.398
1067.439
1067.48
1067.521
1067.562
1067.603
1067.644
1067.685
1067.726
1067.767
1067.808
1067.849
1067.89
1067.931
1067.972
1068.013
1068.054
1068.095
1068.136
1068.177
1068.218
1068.259
1068.3
1068.341
1068.382
1068.423
1068.464
1068.505
1068.546
1068.587
1068.628
1068.669
1068.71
1068.751
1068.792
1068.833
1068.874
1068.915
1068.956
1068.997
1069.038
1069.079
1069.12
1069.161
1069.202
1069.243
1069.284
1069.325
1069.366
1069.407
1069.448
1069.489
1069.53
1069.571
1069.612
1069.653
1069.694
1069.735
1069.776
1069.817
1069.858
1069.899
1069.94
1069.981
1070.022
1070.063
1070.104
1070.145
1070.186
1070.227
1070.268
1070.309
1070.35
1070.391
1070.432
1070.473
1070.514
1070.555
1070.596
1070.637
1070.678
1070.719
1070.76
1070.801
1070.842
1070.883
1070.924
1070.965
1071.006
1071.047
1071.088
1071.129
1071.17
1071.211
1071.252
1071.293
1071.334
1071.375
1071.416
1071.457
1071.498
1071.539
1071.58
1071.621
1071.662
1071.703
1071.744
1071.785
1071.826
1071.867
1071.908
1071.949
1071.99
1072.031
1072.072
1072.113
1072.154
1072.195
1072.236
1072.277
1072.318
1072.359
1072.4
1072.441
1072.482
1072.523
1072.564
1072.605
1072.646
1072.687
1072.728
1072.769
1072.81
1072.851
1072.892
1072.933
1072.974
1073.015
1073.056
1073.097
1073.138
1073.179
1073.22
1073.261
1073.302
1073.343
1073.384
1073.425
1073.466
1073.507
1073.548
1073.589
1073.63
1073.671
1073.712
1073.753
1073.794
1073.835
1073.876
1073.917
1073.958
1073.999
1074.04
1074.081
1074.122
1074.163
1074.204
1074.245
1074.286
1074.327
1074.368
1074.409
1074.45
1074.491
1074.532
1074.573
1074.614
1074.655
1074.696
1074.737
1074.778
1074.819
1074.86
1074.901
1074.942
1074.983
1075.024
1075.065
1075.106
1075.147
1075.188
1075.229
1075.27
1075.311
1075.352
1075.393
1075.434
1075.475
1075.516
1075.557
1075.598
1075.639
1075.68
1075.721
1075.762
1075.803
1075.844
1075.885
1075.926
1075.967
1076.008
1076.049
1076.09
1076.131
1076.172
1076.213
1076.254
1076.295
1076.336
1076.377
1076.418
1076.459
1076.5
1076.541
1076.582
1076.623
1076.664
1076.705
1076.746
1076.787
1076.828
1076.869
1076.91
1076.951
1076.992
1077.033
1077.074
1077.115
1077.156
1077.197
1077.238
1077.279
1077.32
1077.361
1077.402
1077.443
1077.484
1077.525
1077.566
1077.607
1077.648
1077.689
1077.73
1077.771
1077.812
1077.853
1077.894
1077.935
1077.976
1078.017
1078.058
1078.099
1078.14
1078.181
1078.222
1078.263
1078.304
1078.345
1078.386
1078.427
1078.468
1078.509
1078.55
1078.591
1078.632
1078.673
1078.714
1078.755
1078.796
1078.837
1078.878
1078.919
1078.96
1079.001
1079.042
1079.083
1079.124
1079.165
1079.206
1079.247
1079.288
1079.329
1079.37
1079.411
1079.452
1079.493
1079.534
1079.575
1079.616
1079.657
1079.698
1079.739
1079.78
1079.821
1079.862
1079.903
1079.944
1079.985
1080.026
1080.067
1080.108
1080.149
1080.19
1080.231
1080.272
1080.313
1080.354
1080.395
1080.436
1080.477
1080.518
1080.559
1080.6
1080.641
1080.682
1080.723
1080.764
1080.805
1080.846
1080.887
1080.928
1080.969
1081.01
1081.051
1081.092
1081.133
1081.174
1081.215
1081.256
1081.297
1081.338
1081.379
1081.42
1081.461
1081.502
1081.543
1081.584
1081.625
1081.666
1081.707
1081.748
1081.789
1081.83
1081.871
1081.912
1081.953
1081.994
1082.035
1082.076
1082.117
1082.158
1082.199
1082.24
1082.281
1082.322
1082.363
1082.404
1082.445
1082.486
1082.527
1082.568
1082.609
1082.65
1082.691
1082.732
1082.773
1082.814
1082.855
1082.896
1082.937
1082.978
1083.019
1083.06
1083.101
1083.142
1083.183
1083.224
1083.265
1083.306
1083.347
1083.388
1083.429
1083.47
1083.511
1083.552
1083.593
1083.634
1083.675
1083.716
1083.757
1083.798
1083.839
1083.88
1083.921
1083.962
1084.003
1084.044
1084.085
1084.126
1084.167
1084.208
1084.249
1084.29
1084.331
1084.372
1084.413
1084.454
1084.495
1084.536
1084.577
1084.618
1084.659
1084.7
1084.741
1084.782
1084.823
1084.864
1084.905
1084.946
1084.987
1085.028
1085.069
1085.11
1085.151
1085.192
1085.233
1085.274
1085.315
1085.356
1085.397
1085.438
1085.479
1085.52
1085.561
1085.602
1085.643
1085.684
1085.725
1085.766
1085.807
1085.848
1085.889
1085.93
1085.971
1086.012
1086.053
1086.094
1086.135
1086.176
1086.217
1086.258
1086.299
1086.34
1086.381
1086.422
1086.463
1086.504
1086.545
1086.586
1086.627
1086.668
1086.709
1086.75
1086.791
1086.832
1086.873
1086.914
1086.955
1086.996
1087.037
1087.078
1087.119
1087.16
1087.201
1087.242
1087.283
1087.324
1087.365
1087.406
1087.447
1087.488
1087.529
1087.57
1087.611
1087.652
1087.693
1087.734
1087.775
1087.816
1087.857
1087.898
1087.939
1087.98
1088.021
1088.062
1088.103
1088.144
1088.185
1088.226
1088.267
1088.308
1088.349
1088.39
1088.431
1088.472
1088.513
1088.554
1088.595
1088.636
1088.677
1088.718
1088.759
1088.8
1088.841
1088.882
1088.923
1088.964
1089.005
1089.046
1089.087
1089.128
1089.169
1089.21
1089.251
1089.292
1089.333
1089.374
1089.415
1089.456
1089.497
1089.538
1089.579
1089.62
1089.661
1089.702
1089.743
1089.784
1089.825
1089.866
1089.907
1089.948
1089.989
1090.03
1090.071
1090.112
1090.153
1090.194
1090.235
1090.276
1090.317
1090.358
1090.399
1090.44
1090.481
1090.522
1090.563
1090.604
1090.645
1090.686
1090.727
1090.768
1090.809
1090.85
1090.891
1090.932
1090.973
1091.014
1091.055
1091.096
1091.137
1091.178
1091.219
1091.26
1091.301
1091.342
1091.383
1091.424
1091.465
1091.506
1091.547
1091.588
1091.629
1091.67
1091.711
1091.752
1091.793
1091.834
1091.875
1091.916
1091.957
1091.998
1092.039
1092.08
1092.121
1092.162
1092.203
1092.244
1092.285
1092.326
1092.367
1092.408
1092.449
1092.49
1092.531
1092.572
1092.613
1092.654
1092.695
1092.736
1092.777
1092.818
1092.859
1092.9
1092.941
1092.982
1093.023
1093.064
1093.105
1093.146
1093.187
1093.228
1093.269
1093.31
1093.351
1093.392
1093.433
1093.474
1093.515
1093.556
1093.597
1093.638
1093.679
1093.72
1093.761
1093.802
1093.843
1093.884
1093.925
1093.966
1094.007
1094.048
1094.089
1094.13
1094.171
1094.212
1094.253
1094.294
1094.335
1094.376
1094.417
1094.458
1094.499
1094.54
1094.581
1094.622
1094.663
1094.704
1094.745
1094.786
1094.827
1094.868
1094.909
1094.95
1094.991
1095.032
1095.073
1095.114
1095.155
1095.196
1095.237
1095.278
1095.319
1095.36
1095.401
1095.442
1095.483
1095.524
1095.565
1095.606
1095.647
1095.688
1095.729
1095.77
1095.811
1095.852
1095.893
1095.934
1095.975
1096.016
1096.057
1096.098
1096.139
1096.18
1096.221
1096.262
1096.303
1096.344
1096.385
1096.426
1096.467
1096.508
1096.549
1096.59
1096.631
1096.672
1096.713
1096.754
1096.795
1096.836
1096.877
1096.918
1096.959
1097
1097.041
1097.082
1097.123
1097.164
1097.205
1097.246
1097.287
1097.328
1097.369
1097.41
1097.451
1097.492
1097.533
1097.574
1097.615
1097.656
1097.697
1097.738
1097.779
1097.82
1097.861
1097.902
1097.943
1097.984
1098.025
1098.066
1098.107
1098.148
1098.189
1098.23
1098.271
1098.312
1098.353
1098.394
1098.435
1098.476
1098.517
1098.558
1098.599
1098.64
1098.681
1098.722
1098.763
1098.804
1098.845
1098.886
1098.927
1098.968
1099.009
1099.05
1099.091
1099.132
1099.173
1099.214
1099.255
1099.296
1099.337
1099.378
1099.419
1099.46
1099.501
1099.542
1099.583
1099.624
1099.665
1099.706
1099.747
1099.788
1099.829
1099.87
1099.911
1099.952
1099.993
1100.034
1100.075
1100.116
1100.157
1100.198
1100.239
1100.28
1100.321
1100.362
1100.403
1100.444
1100.485
1100.526
1100.567
1100.608
1100.649
1100.69
1100.731
1100.772
1100.813
1100.854
1100.895
1100.936
1100.977
1101.018
1101.059
1101.1
1101.141
1101.182
1101.223
1101.264
1101.305
1101.346
1101.387
1101.428
1101.469
1101.51
1101.551
1101.592
1101.633
1101.674
1101.715
1101.756
1101.797
1101.838
1101.879
1101.92
1101.961
1102.002
1102.043
1102.084
1102.125
1102.166
1102.207
1102.248
1102.289
1102.33
1102.371
1102.412
1102.453
1102.494
1102.535
1102.576
1102.617
1102.658
1102.699
1102.74
1102.781
1102.822
1102.863
1102.904
1102.945
1102.986
1103.027
1103.068
1103.109
1103.15
1103.191
1103.232
1103.273
1103.314
1103.355
1103.396
1103.437
1103.478
1103.519
1103.56
1103.601
1103.642
1103.683
1103.724
1103.765
1103.806
1103.847
1103.888
1103.929
1103.97
1104.011
1104.052
1104.093
1104.134
1104.175
1104.216
1104.257
1104.298
1104.339
1104.38
1104.421
1104.462
1104.503
1104.544
1104.585
1104.626
1104.667
1104.708
1104.749
1104.79
1104.831
1104.872
1104.913
1104.954
1104.995
1105.036
1105.077
1105.118
1105.159
1105.2
1105.241
1105.282
1105.323
1105.364
1105.405
1105.446
1105.487
1105.528
1105.569
1105.61
1105.651
1105.692
1105.733
1105.774
1105.815
1105.856
1105.897
1105.938
1105.979
1106.02
1106.061
1106.102
1106.143
1106.184
1106.225
1106.266
1106.307
1106.348
1106.389
1106.43
1106.471
1106.512
1106.553
1106.594
1106.635
1106.676
1106.717
1106.758
1106.799
1106.84
1106.881
1106.922
1106.963
1107.004
1107.045
1107.086
1107.127
1107.168
1107.209
1107.25
1107.291
1107.332
1107.373
1107.414
1107.455
1107.496
1107.537
1107.578
1107.619
1107.66
1107.701
1107.742
1107.783
1107.824
1107.865
1107.906
1107.947
1107.988
1108.029
1108.07
1108.111
1108.152
1108.193
1108.234
1108.275
1108.316
1108.357
1108.398
1108.439
1108.48
1108.521
1108.562
1108.603
1108.644
1108.685
1108.726
1108.767
1108.808
1108.849
1108.89
1108.931
1108.972
1109.013
1109.054
1109.095
1109.136
1109.177
1109.218
1109.259
1109.3
1109.341
1109.382
1109.423
1109.464
1109.505
1109.546
1109.587
1109.628
1109.669
1109.71
1109.751
1109.792
1109.833
1109.874
1109.915
1109.956
1109.997
1110.038
1110.079
1110.12
1110.161
1110.202
1110.243
1110.284
1110.325
1110.366
1110.407
1110.448
1110.489
1110.53
1110.571
1110.612
1110.653
1110.694
1110.735
1110.776
1110.817
1110.858
1110.899
1110.94
1110.981
1111.022
1111.063
1111.104
1111.145
1111.186
1111.227
1111.268
1111.309
1111.35
1111.391
1111.432
1111.473
1111.514
1111.555
1111.596
1111.637
1111.678
1111.719
1111.76
1111.801
1111.842
1111.883
1111.924
1111.965
1112.006
1112.047
1112.088
1112.129
1112.17
1112.211
1112.252
1112.293
1112.334
1112.375
1112.416
1112.457
1112.498
1112.539
1112.58
1112.621
1112.662
1112.703
1112.744
1112.785
1112.826
1112.867
1112.908
1112.949
1112.99
1113.031
1113.072
1113.113
1113.154
1113.195
1113.236
1113.277
1113.318
1113.359
1113.4
1113.441
1113.482
1113.523
1113.564
1113.605
1113.646
1113.687
1113.728
1113.769
1113.81
1113.851
1113.892
1113.933
1113.974
1114.015
1114.056
1114.097
1114.138
1114.179
1114.22
1114.261
1114.302
1114.343
1114.384
1114.425
1114.466
1114.507
1114.548
1114.589
1114.63
1114.671
1114.712
1114.753
1114.794
1114.835
1114.876
1114.917
1114.958
1114.999
1115.04
1115.081
1115.122
1115.163
1115.204
1115.245
1115.286
1115.327
1115.368
1115.409
1115.45
1115.491
1115.532
1115.573
1115.614
1115.655
1115.696
1115.737
1115.778
1115.819
1115.86
1115.901
1115.942
1115.983
1116.024
1116.065
1116.106
1116.147
1116.188
1116.229
1116.27
1116.311
1116.352
1116.393
1116.434
1116.475
1116.516
1116.557
1116.598
1116.639
1116.68
1116.721
1116.762
1116.803
1116.844
1116.885
1116.926
1116.967
1117.008
1117.049
1117.09
1117.131
1117.172
1117.213
1117.254
1117.295
1117.336
1117.377
1117.418
1117.459
1117.5
1117.541
1117.582
1117.623
1117.664
1117.705
1117.746
1117.787
1117.828
1117.869
1117.91
1117.951
1117.992
1118.033
1118.074
1118.115
1118.156
1118.197
1118.238
1118.279
1118.32
1118.361
1118.402
1118.443
1118.484
1118.525
1118.566
1118.607
1118.648
1118.689
1118.73
1118.771
1118.812
1118.853
1118.894
1118.935
1118.976
1119.017
1119.058
1119.099
1119.14
1119.181
1119.222
1119.263
1119.304
1119.345
1119.386
1119.427
1119.468
1119.509
1119.55
1119.591
1119.632
1119.673
1119.714
1119.755
1119.796
1119.837
1119.878
1119.919
1119.96
1120.001
1120.042
1120.083
1120.124
1120.165
1120.206
1120.247
1120.288
1120.329
1120.37
1120.411
1120.452
1120.493
1120.534
1120.575
1120.616
1120.657
1120.698
1120.739
1120.78
1120.821
1120.862
1120.903
1120.944
1120.985
1121.026
1121.067
1121.108
1121.149
1121.19
1121.231
1121.272
1121.313
1121.354
1121.395
1121.436
1121.477
1121.518
1121.559
1121.6
1121.641
1121.682
1121.723
1121.764
1121.805
1121.846
1121.887
1121.928
1121.969
1122.01
1122.051
1122.092
1122.133
1122.174
1122.215
1122.256
1122.297
1122.338
1122.379
1122.42
1122.461
1122.502
1122.543
1122.584
1122.625
1122.666
1122.707
1122.748
1122.789
1122.83
1122.871
1122.912
1122.953
1122.994
1123.035
1123.076
1123.117
1123.158
1123.199
1123.24
1123.281
1123.322
1123.363
1123.404
1123.445
1123.486
1123.527
1123.568
1123.609
1123.65
1123.691
1123.732
1123.773
1123.814
1123.855
1123.896
1123.937
1123.978
1124.019
1124.06
1124.101
1124.142
1124.183
1124.224
1124.265
1124.306
1124.347
1124.388
1124.429
1124.47
1124.511
1124.552
1124.593
1124.634
1124.675
1124.716
1124.757
1124.798
1124.839
1124.88
1124.921
1124.962
1125.003
1125.044
1125.085
1125.126
1125.167
1125.208
1125.249
1125.29
1125.331
1125.372
1125.413
1125.454
1125.495
1125.536
1125.577
1125.618
1125.659
1125.7
1125.741
1125.782
1125.823
1125.864
1125.905
1125.946
1125.987
1126.028
1126.069
1126.11
1126.151
1126.192
1126.233
1126.274
1126.315
1126.356
1126.397
1126.438
1126.479
1126.52
1126.561
1126.602
1126.643
1126.684
1126.725
1126.766
1126.807
1126.848
1126.889
1126.93
1126.971
1127.012
1127.053
1127.094
1127.135
1127.176
1127.217
1127.258
1127.299
1127.34
1127.381
1127.422
1127.463
1127.504
1127.545
1127.586
1127.627
1127.668
1127.709
1127.75
1127.791
1127.832
1127.873
1127.914
1127.955
1127.996
1128.037
1128.078
1128.119
1128.16
1128.201
1128.242
1128.283
1128.324
1128.365
1128.406
1128.447
1128.488
1128.529
1128.57
1128.611
1128.652
1128.693
1128.734
1128.775
1128.816
1128.857
1128.898
1128.939
1128.98
1129.021
1129.062
1129.103
1129.144
1129.185
1129.226
1129.267
1129.308
1129.349
1129.39
1129.431
1129.472
1129.513
1129.554
1129.595
1129.636
1129.677
1129.718
1129.759
1129.8
1129.841
1129.882
1129.923
1129.964
1130.005
1130.046
1130.087
1130.128
1130.169
1130.21
1130.251
1130.292
1130.333
1130.374
1130.415
1130.456
1130.497
1130.538
1130.579
1130.62
1130.661
1130.702
1130.743
1130.784
1130.825
1130.866
1130.907
1130.948
1130.989
1131.03
1131.071
1131.112
1131.153
1131.194
1131.235
1131.276
1131.317
1131.358
1131.399
1131.44
1131.481
1131.522
1131.563
1131.604
1131.645
1131.686
1131.727
1131.768
1131.809
1131.85
1131.891
1131.932
1131.973
1132.014
1132.055
1132.096
1132.137
1132.178
1132.219
1132.26
1132.301
1132.342
1132.383
1132.424
1132.465
1132.506
1132.547
1132.588
1132.629
1132.67
1132.711
1132.752
1132.793
1132.834
1132.875
1132.916
1132.957
1132.998
1133.039
1133.08
1133.121
1133.162
1133.203
1133.244
1133.285
1133.326
1133.367
1133.408
1133.449
1133.49
1133.531
1133.572
1133.613
1133.654
1133.695
1133.736
1133.777
1133.818
1133.859
1133.9
1133.941
1133.982
1134.023
1134.064
1134.105
1134.146
1134.187
1134.228
1134.269
1134.31
1134.351
1134.392
1134.433
1134.474
1134.515
1134.556
1134.597
1134.638
1134.679
1134.72
1134.761
1134.802
1134.843
1134.884
1134.925
1134.966
1135.007
1135.048
1135.089
1135.13
1135.171
1135.212
1135.253
1135.294
1135.335
1135.376
1135.417
1135.458
1135.499
1135.54
1135.581
1135.622
1135.663
1135.704
1135.745
1135.786
1135.827
1135.868
1135.909
1135.95
1135.991
1136.032
1136.073
1136.114
1136.155
1136.196
1136.237
1136.278
1136.319
1136.36
1136.401
1136.442
1136.483
1136.524
1136.565
1136.606
1136.647
1136.688
1136.729
1136.77
1136.811
1136.852
1136.893
1136.934
1136.975
1137.016
1137.057
1137.098
1137.139
1137.18
1137.221
1137.262
1137.303
1137.344
1137.385
1137.426
1137.467
1137.508
1137.549
1137.59
1137.631
1137.672
1137.713
1137.754
1137.795
1137.836
1137.877
1137.918
1137.959
1138
1138.041
1138.082
1138.123
1138.164
1138.205
1138.246
1138.287
1138.328
1138.369
1138.41
1138.451
1138.492
1138.533
1138.574
1138.615
1138.656
1138.697
1138.738
1138.779
1138.82
1138.861
1138.902
1138.943
1138.984
1139.025
1139.066
1139.107
1139.148
1139.189
1139.23
1139.271
1139.312
1139.353
1139.394
1139.435
1139.476
1139.517
1139.558
1139.599
1139.64
1139.681
1139.722
1139.763
1139.804
1139.845
1139.886
1139.927
1139.968
1140.009
1140.05
1140.091
1140.132
1140.173
1140.214
1140.255
1140.296
1140.337
1140.378
1140.419
1140.46
1140.501
1140.542
1140.583
1140.624
1140.665
1140.706
1140.747
1140.788
1140.829
1140.87
1140.911
1140.952
1140.993
1141.034
1141.075
1141.116
1141.157
1141.198
1141.239
1141.28
1141.321
1141.362
1141.403
1141.444
1141.485
1141.526
1141.567
1141.608
1141.649
1141.69
1141.731
1141.772
1141.813
1141.854
1141.895
1141.936
1141.977
1142.018
1142.059
1142.1
1142.141
1142.182
1142.223
1142.264
1142.305
1142.346
1142.387
1142.428
1142.469
1142.51
1142.551
1142.592
1142.633
1142.674
1142.715
1142.756
1142.797
1142.838
1142.879
1142.92
1142.961
1143.002
1143.043
1143.084
1143.125
1143.166
1143.207
1143.248
1143.289
1143.33
1143.371
1143.412
1143.453
1143.494
1143.535
1143.576
1143.617
1143.658
1143.699
1143.74
1143.781
1143.822
1143.863
1143.904
1143.945
1143.986
1144.027
1144.068
1144.109
1144.15
1144.191
1144.232
1144.273
1144.314
1144.355
1144.396
1144.437
1144.478
1144.519
1144.56
1144.601
1144.642
1144.683
1144.724
1144.765
1144.806
1144.847
1144.888
1144.929
1144.97
1145.011
1145.052
1145.093
1145.134
1145.175
1145.216
1145.257
1145.298
1145.339
1145.38
1145.421
1145.462
1145.503
1145.544
1145.585
1145.626
1145.667
1145.708
1145.749
1145.79
1145.831
1145.872
1145.913
1145.954
1145.995
1146.036
1146.077
1146.118
1146.159
1146.2
1146.241
1146.282
1146.323
1146.364
1146.405
1146.446
1146.487
1146.528
1146.569
1146.61
1146.651
1146.692
1146.733
1146.774
1146.815
1146.856
1146.897
1146.938
1146.979
1147.02
1147.061
1147.102
1147.143
1147.184
1147.225
1147.266
1147.307
1147.348
1147.389
1147.43
1147.471
1147.512
1147.553
1147.594
1147.635
1147.676
1147.717
1147.758
1147.799
1147.84
1147.881
1147.922
1147.963
1148.004
1148.045
1148.086
1148.127
1148.168
1148.209
1148.25
1148.291
1148.332
1148.373
1148.414
1148.455
1148.496
1148.537
1148.578
1148.619
1148.66
1148.701
1148.742
1148.783
1148.824
1148.865
1148.906
1148.947
1148.988
1149.029
1149.07
1149.111
1149.152
1149.193
1149.234
1149.275
1149.316
1149.357
1149.398
1149.439
1149.48
1149.521
1149.562
1149.603
1149.644
1149.685
1149.726
1149.767
1149.808
1149.849
1149.89
1149.931
1149.972
1150.013
1150.054
1150.095
1150.136
1150.177
1150.218
1150.259
1150.3
1150.341
1150.382
1150.423
1150.464
1150.505
1150.546
1150.587
1150.628
1150.669
1150.71
1150.751
1150.792
1150.833
1150.874
1150.915
1150.956
1150.997
1151.038
1151.079
1151.12
1151.161
1151.202
1151.243
1151.284
1151.325
1151.366
1151.407
1151.448
1151.489
1151.53
1151.571
1151.612
1151.653
1151.694
1151.735
1151.776
1151.817
1151.858
1151.899
1151.94
1151.981
1152.022
1152.063
1152.104
1152.145
1152.186
1152.227
1152.268
1152.309
1152.35
1152.391
1152.432
1152.473
1152.514
1152.555
1152.596
1152.637
1152.678
1152.719
1152.76
1152.801
1152.842
1152.883
1152.924
1152.965
1153.006
1153.047
1153.088
1153.129
1153.17
1153.211
1153.252
1153.293
1153.334
1153.375
1153.416
1153.457
1153.498
1153.539
1153.58
1153.621
1153.662
1153.703
1153.744
1153.785
1153.826
1153.867
1153.908
1153.949
1153.99
1154.031
1154.072
1154.113
1154.154
1154.195
1154.236
1154.277
1154.318
1154.359
1154.4
1154.441
1154.482
1154.523
1154.564
1154.605
1154.646
1154.687
1154.728
1154.769
1154.81
1154.851
1154.892
1154.933
1154.974
1155.015
1155.056
1155.097
1155.138
1155.179
1155.22
1155.261
1155.302
1155.343
1155.384
1155.425
1155.466
1155.507
1155.548
1155.589
1155.63
1155.671
1155.712
1155.753
1155.794
1155.835
1155.876
1155.917
1155.958
1155.999
1156.04
1156.081
1156.122
1156.163
1156.204
1156.245
1156.286
1156.327
1156.368
1156.409
1156.45
1156.491
1156.532
1156.573
1156.614
1156.655
1156.696
1156.737
1156.778
1156.819
1156.86
1156.901
1156.942
1156.983
1157.024
1157.065
1157.106
1157.147
1157.188
1157.229
1157.27
1157.311
1157.352
1157.393
1157.434
1157.475
1157.516
1157.557
1157.598
1157.639
1157.68
1157.721
1157.762
1157.803
1157.844
1157.885
1157.926
1157.967
1158.008
1158.049
1158.09
1158.131
1158.172
1158.213
1158.254
1158.295
1158.336
1158.377
1158.418
1158.459
1158.5
1158.541
1158.582
1158.623
1158.664
1158.705
1158.746
1158.787
1158.828
1158.869
1158.91
1158.951
1158.992
