892
1784
2676
3568
4460
5352
6244
7136
8028
8920
9812
10704
11596
12488
13380
14272
15164
16056
16948
17840
18732
19624
20516
21408
22300
23192
24084
24976
25868
26760
27652
28544
29436
30328
31220
32112
33004
33896
34788
35680
36572
37464
38356
39248
40140
41032
41924
42816
43708
44600
45492
46384
47276
48168
49060
49952
50844
51736
52628
53520
54412
55304
56196
57088
57980
58872
59764
60656
61548
62440
63332
64224
65116
66008
66900
67792
68684
69576
70468
71360
72252
73144
74036
74928
75820
76712
77604
78496
79388
80280
81172
82064
82956
83848
84740
85632
86524
87416
88308
89200
90092
90984
91876
92768
93660
94552
95444
96336
97228
98120
99012
99904
100796
101688
102580
103472
104364
105256
106148
107040
107932
108824
109716
110608
111500
112392
113284
114176
115068
115960
116852
117744
118636
119528
120420
121312
122204
123096
123988
124880
125772
126664
127556
128448
129340
130232
131124
132016
132908
133800
134692
135584
136476
137368
138260
139152
140044
140936
141828
142720
143612
144504
145396
146288
147180
148072
148964
149856
150748
151640
152532
153424
154316
155208
156100
156992
157884
158776
159668
160560
161452
162344
163236
164128
165020
165912
166804
167696
168588
169480
170372
171264
172156
173048
173940
174832
175724
176616
177508
178400
179292
180184
181076
181968
182860
183752
184644
185536
186428
187320
188212
189104
189996
190888
191780
192672
193564
194456
195348
196240
197132
198024
198916
199808
200700
201592
202484
203376
204268
205160
206052
206944
207836
208728
209620
210512
211404
212296
213188
214080
214972
215864
216756
217648
218540
219432
220324
221216
222108
223000
223892
224784
225676
226568
227460
228352
229244
230136
231028
231920
232812
233704
234596
235488
236380
237272
238164
239056
239948
240840
241732
242624
243516
244408
245300
246192
247084
247976
248868
249760
250652
251544
252436
253328
254220
255112
256004
256896
257788
258680
259572
260464
261356
262248
263140
264032
264924
265816
266708
267600
268492
269384
270276
271168
272060
272952
273844
274736
275628
276520
277412
278304
279196
280088
280980
281872
282764
283656
284548
285440
286332
287224
288116
289008
289900
290792
291684
292576
293468
294360
295252
296144
297036
297928
298820
299712
300604
301496
302388
303280
304172
305064
305956
306848
307740
308632
309524
310416
311308
312200
313092
313984
314876
315768
316660
317552
318444
319336
320228
321120
322012
322904
323796
324688
325580
326472
327364
328256
329148
330040
330932
331824
332716
333608
334500
335392
336284
337176
338068
338960
339852
340744
341636
342528
343420
344312
345204
346096
346988
347880
348772
349664
350556
351448
352340
353232
354124
355016
355908
356800
357692
358584
359476
360368
361260
362152
363044
363936
364828
365720
366612
367504
368396
369288
370180
371072
371964
372856
373748
374640
375532
376424
377316
378208
379100
379992
380884
381776
382668
383560
384452
385344
386236
387128
388020
388912
389804
390696
391588
392480
393372
394264
395156
396048
396940
397832
398724
399616
400508
401400
402292
403184
404076
404968
405860
406752
407644
408536
409428
410320
411212
412104
412996
413888
414780
415672
416564
417456
418348
419240
420132
421024
421916
422808
423700
424592
425484
426376
427268
428160
429052
429944
430836
431728
432620
433512
434404
435296
436188
437080
437972
438864
439756
440648
441540
442432
443324
444216
445108
446000
446892
447784
448676
449568
450460
451352
452244
453136
454028
454920
455812
456704
457596
458488
459380
460272
461164
462056
462948
463840
464732
465624
466516
467408
468300
469192
470084
470976
471868
472760
473652
474544
475436
476328
477220
478112
479004
479896
480788
481680
482572
483464
484356
485248
486140
487032
487924
488816
489708
490600
491492
492384
493276
494168
495060
495952
496844
497736
498628
499520
500412
501304
502196
503088
503980
504872
505764
506656
507548
508440
509332
510224
511116
512008
512900
513792
514684
515576
516468
517360
518252
519144
520036
520928
521820
522712
523604
524496
525388
526280
527172
528064
528956
529848
530740
531632
532524
533416
534308
535200
536092
536984
537876
538768
539660
540552
541444
542336
543228
544120
545012
545904
546796
547688
548580
549472
550364
551256
552148
553040
553932
554824
555716
556608
557500
558392
559284
560176
561068
561960
562852
563744
564636
565528
566420
567312
568204
569096
569988
570880
571772
572664
573556
574448
575340
576232
577124
578016
578908
579800
580692
581584
582476
583368
584260
585152
586044
586936
587828
588720
589612
590504
591396
592288
593180
594072
594964
595856
596748
597640
598532
599424
600316
601208
602100
602992
603884
604776
605668
606560
607452
608344
609236
610128
611020
611912
612804
613696
614588
615480
616372
617264
618156
619048
619940
620832
621724
622616
623508
624400
625292
626184
627076
627968
628860
629752
630644
631536
632428
633320
634212
635104
635996
636888
637780
638672
639564
640456
641348
642240
643132
644024
644916
645808
646700
647592
648484
649376
650268
651160
652052
652944
653836
654728
655620
656512
657404
658296
659188
660080
660972
661864
662756
663648
664540
665432
666324
667216
668108
669000
669892
670784
671676
672568
673460
674352
675244
676136
677028
677920
678812
679704
680596
681488
682380
683272
684164
685056
685948
686840
687732
688624
689516
690408
691300
692192
693084
693976
694868
695760
696652
697544
698436
699328
700220
701112
702004
702896
703788
704680
705572
706464
707356
708248
709140
710032
710924
711816
712708
713600
714492
715384
716276
717168
718060
718952
719844
720736
721628
722520
723412
724304
725196
726088
726980
727872
728764
729656
730548
731440
732332
733224
734116
735008
735900
736792
737684
738576
739468
740360
741252
742144
743036
743928
744820
745712
746604
747496
748388
749280
750172
751064
751956
752848
753740
754632
755524
756416
757308
758200
759092
759984
760876
761768
762660
763552
764444
765336
766228
767120
768012
768904
769796
770688
771580
772472
773364
774256
775148
776040
776932
777824
778716
779608
780500
781392
782284
783176
784068
784960
785852
786744
787636
788528
789420
790312
791204
792096
792988
793880
794772
795664
796556
797448
798340
799232
800124
801016
801908
802800
803692
804584
805476
806368
807260
808152
809044
809936
810828
811720
812612
813504
814396
815288
816180
817072
817964
818856
819748
820640
821532
822424
823316
824208
825100
825992
826884
827776
828668
829560
830452
831344
832236
833128
834020
834912
835804
836696
837588
838480
839372
840264
841156
842048
842940
843832
844724
845616
846508
847400
848292
849184
850076
850968
851860
852752
853644
854536
855428
856320
857212
858104
858996
859888
860780
861672
862564
863456
864348
865240
866132
867024
867916
868808
869700
870592
871484
872376
873268
874160
875052
875944
876836
877728
878620
879512
880404
881296
882188
883080
883972
884864
885756
886648
887540
888432
889324
890216
891108
892000
892892
893784
894676
895568
896460
897352
898244
899136
900028
900920
901812
902704
903596
904488
905380
906272
907164
908056
908948
909840
910732
911624
912516
913408
914300
915192
916084
916976
917868
918760
919652
920544
921436
922328
923220
924112
925004
925896
926788
927680
928572
929464
930356
931248
932140
933032
933924
934816
935708
936600
937492
938384
939276
940168
941060
941952
942844
943736
944628
945520
946412
947304
948196
949088
949980
950872
951764
952656
953548
954440
955332
956224
957116
958008
958900
959792
960684
961576
962468
963360
964252
965144
966036
966928
967820
968712
969604
970496
971388
972280
973172
974064
974956
975848
976740
977632
978524
979416
980308
981200
982092
982984
983876
984768
985660
986552
987444
988336
989228
990120
991012
991904
992796
993688
994580
995472
996364
997256
998148
999040
999932
1000824
1001716
1002608
1003500
1004392
1005284
1006176
1007068
1007960
1008852
1009744
1010636
1011528
1012420
1013312
1014204
1015096
1015988
1016880
1017772
1018664
1019556
1020448
1021340
1022232
1023124
1024016
1024908
1025800
1026692
1027584
1028476
1029368
1030260
1031152
1032044
1032936
1033828
1034720
1035612
1036504
1037396
1038288
1039180
1040072
1040964
1041856
1042748
1043640
1044532
1045424
1046316
1047208
1048100
1048992
1049884
1050776
1051668
1052560
1053452
1054344
1055236
1056128
1057020
1057912
1058804
1059696
1060588
1061480
1062372
1063264
1064156
1065048
1065940
1066832
1067724
1068616
1069508
1070400
1071292
1072184
1073076
1073968
1074860
1075752
1076644
1077536
1078428
1079320
1080212
1081104
1081996
1082888
1083780
1084672
1085564
1086456
1087348
1088240
1089132
1090024
1090916
1091808
1092700
1093592
1094484
1095376
1096268
1097160
1098052
1098944
1099836
1100728
1101620
1102512
1103404
1104296
1105188
1106080
1106972
1107864
1108756
1109648
1110540
1111432
1112324
1113216
1114108
1115000
1115892
1116784
1117676
1118568
1119460
1120352
1121244
1122136
1123028
1123920
1124812
1125704
1126596
1127488
1128380
1129272
1130164
1131056
1131948
1132840
1133732
1134624
1135516
1136408
1137300
1138192
1139084
1139976
1140868
1141760
1142652
1143544
1144436
1145328
1146220
1147112
1148004
1148896
1149788
1150680
1151572
1152464
1153356
1154248
1155140
1156032
1156924
1157816
1158708
1159600
1160492
1161384
1162276
1163168
1164060
1164952
1165844
1166736
1167628
1168520
1169412
1170304
1171196
1172088
1172980
1173872
1174764
1175656
1176548
1177440
1178332
1179224
1180116
1181008
1181900
1182792
1183684
1184576
1185468
1186360
1187252
1188144
1189036
1189928
1190820
1191712
1192604
1193496
1194388
1195280
1196172
1197064
1197956
1198848
1199740
1200632
1201524
1202416
1203308
1204200
1205092
1205984
1206876
1207768
1208660
1209552
1210444
1211336
1212228
1213120
1214012
1214904
1215796
1216688
1217580
1218472
1219364
1220256
1221148
1222040
1222932
1223824
1224716
1225608
1226500
1227392
1228284
1229176
1230068
1230960
1231852
1232744
1233636
1234528
1235420
1236312
1237204
1238096
1238988
1239880
1240772
1241664
1242556
1243448
1244340
1245232
1246124
1247016
1247908
1248800
1249692
1250584
1251476
1252368
1253260
1254152
1255044
1255936
1256828
1257720
1258612
1259504
1260396
1261288
1262180
1263072
1263964
1264856
1265748
1266640
1267532
1268424
1269316
1270208
1271100
1271992
1272884
1273776
1274668
1275560
1276452
1277344
1278236
1279128
1280020
1280912
1281804
1282696
1283588
1284480
1285372
1286264
1287156
1288048
1288940
1289832
1290724
1291616
1292508
1293400
1294292
1295184
1296076
1296968
1297860
1298752
1299644
1300536
1301428
1302320
1303212
1304104
1304996
1305888
1306780
1307672
1308564
1309456
1310348
1311240
1312132
1313024
1313916
1314808
1315700
1316592
1317484
1318376
1319268
1320160
1321052
1321944
1322836
1323728
1324620
1325512
1326404
1327296
1328188
1329080
1329972
1330864
1331756
1332648
1333540
1334432
1335324
1336216
1337108
1338000
1338892
1339784
1340676
1341568
1342460
1343352
1344244
1345136
1346028
1346920
1347812
1348704
1349596
1350488
1351380
1352272
1353164
1354056
1354948
1355840
1356732
1357624
1358516
1359408
1360300
1361192
1362084
1362976
1363868
1364760
1365652
1366544
1367436
1368328
1369220
1370112
1371004
1371896
1372788
1373680
1374572
1375464
1376356
1377248
1378140
1379032
1379924
1380816
1381708
1382600
1383492
1384384
1385276
1386168
1387060
1387952
1388844
1389736
1390628
1391520
1392412
1393304
1394196
1395088
1395980
1396872
1397764
1398656
1399548
1400440
1401332
1402224
1403116
1404008
1404900
1405792
1406684
1407576
1408468
1409360
1410252
1411144
1412036
1412928
1413820
1414712
1415604
1416496
1417388
1418280
1419172
1420064
1420956
1421848
1422740
1423632
1424524
1425416
1426308
1427200
1428092
1428984
1429876
1430768
1431660
1432552
1433444
1434336
1435228
1436120
1437012
1437904
1438796
1439688
1440580
1441472
1442364
1443256
1444148
1445040
1445932
1446824
1447716
1448608
1449500
1450392
1451284
1452176
1453068
1453960
1454852
1455744
1456636
1457528
1458420
1459312
1460204
1461096
1461988
1462880
1463772
1464664
1465556
1466448
1467340
1468232
1469124
1470016
1470908
1471800
1472692
1473584
1474476
1475368
1476260
1477152
1478044
1478936
1479828
1480720
1481612
1482504
1483396
1484288
1485180
1486072
1486964
1487856
1488748
1489640
1490532
1491424
1492316
1493208
1494100
1494992
1495884
1496776
1497668
1498560
1499452
1500344
1501236
1502128
1503020
1503912
1504804
1505696
1506588
1507480
1508372
1509264
1510156
1511048
1511940
1512832
1513724
1514616
1515508
1516400
1517292
1518184
1519076
1519968
1520860
1521752
1522644
1523536
1524428
1525320
1526212
1527104
1527996
1528888
1529780
1530672
1531564
1532456
1533348
1534240
1535132
1536024
1536916
1537808
1538700
1539592
1540484
1541376
1542268
1543160
1544052
1544944
1545836
1546728
1547620
1548512
1549404
1550296
1551188
1552080
1552972
1553864
1554756
1555648
1556540
1557432
1558324
1559216
1560108
1561000
1561892
1562784
1563676
1564568
1565460
1566352
1567244
1568136
1569028
1569920
1570812
1571704
1572596
1573488
1574380
1575272
1576164
1577056
1577948
1578840
1579732
1580624
1581516
1582408
1583300
1584192
1585084
1585976
1586868
1587760
1588652
1589544
1590436
1591328
1592220
1593112
1594004
1594896
1595788
1596680
1597572
1598464
1599356
1600248
1601140
1602032
1602924
1603816
1604708
1605600
1606492
1607384
1608276
1609168
1610060
1610952
1611844
1612736
1613628
1614520
1615412
1616304
1617196
1618088
1618980
1619872
1620764
1621656
1622548
1623440
1624332
1625224
1626116
1627008
1627900
1628792
1629684
1630576
1631468
1632360
1633252
1634144
1635036
1635928
1636820
1637712
1638604
1639496
1640388
1641280
1642172
1643064
1643956
1644848
1645740
1646632
1647524
1648416
1649308
1650200
1651092
1651984
1652876
1653768
1654660
1655552
1656444
1657336
1658228
1659120
1660012
1660904
1661796
1662688
1663580
1664472
1665364
1666256
1667148
1668040
1668932
1669824
1670716
1671608
1672500
1673392
1674284
1675176
1676068
1676960
1677852
1678744
1679636
1680528
1681420
1682312
1683204
1684096
1684988
1685880
1686772
1687664
1688556
1689448
1690340
1691232
1692124
1693016
1693908
1694800
1695692
1696584
1697476
1698368
1699260
1700152
1701044
1701936
1702828
1703720
1704612
1705504
1706396
1707288
1708180
1709072
1709964
1710856
1711748
1712640
1713532
1714424
1715316
1716208
1717100
1717992
1718884
1719776
1720668
1721560
1722452
1723344
1724236
1725128
1726020
1726912
1727804
1728696
1729588
1730480
1731372
1732264
1733156
1734048
1734940
1735832
1736724
1737616
1738508
1739400
1740292
1741184
1742076
1742968
1743860
1744752
1745644
1746536
1747428
1748320
1749212
1750104
1750996
1751888
1752780
1753672
1754564
1755456
1756348
1757240
1758132
1759024
1759916
1760808
1761700
1762592
1763484
1764376
1765268
1766160
1767052
1767944
1768836
1769728
1770620
1771512
1772404
1773296
1774188
1775080
1775972
1776864
1777756
1778648
1779540
1780432
1781324
1782216
1783108
1784000
1784892
1785784
1786676
1787568
1788460
1789352
1790244
1791136
1792028
1792920
1793812
1794704
1795596
1796488
1797380
1798272
1799164
1800056
1800948
1801840
1802732
1803624
1804516
1805408
1806300
1807192
1808084
1808976
1809868
1810760
1811652
1812544
1813436
1814328
1815220
1816112
1817004
1817896
1818788
1819680
1820572
1821464
1822356
1823248
1824140
1825032
1825924
1826816
1827708
1828600
1829492
1830384
1831276
1832168
1833060
1833952
1834844
1835736
1836628
1837520
1838412
1839304
1840196
1841088
1841980
1842872
1843764
1844656
1845548
1846440
1847332
1848224
1849116
1850008
1850900
1851792
1852684
1853576
1854468
1855360
1856252
1857144
1858036
1858928
1859820
1860712
1861604
1862496
1863388
1864280
1865172
1866064
1866956
1867848
1868740
1869632
1870524
1871416
1872308
1873200
1874092
1874984
1875876
1876768
1877660
1878552
1879444
1880336
1881228
1882120
1883012
1883904
1884796
1885688
1886580
1887472
1888364
1889256
1890148
1891040
1891932
1892824
1893716
1894608
1895500
1896392
1897284
1898176
1899068
1899960
1900852
1901744
1902636
1903528
1904420
1905312
1906204
1907096
1907988
1908880
1909772
1910664
1911556
1912448
1913340
1914232
1915124
1916016
1916908
1917800
1918692
1919584
1920476
1921368
1922260
1923152
1924044
1924936
1925828
1926720
1927612
1928504
1929396
1930288
1931180
1932072
1932964
1933856
1934748
1935640
1936532
1937424
1938316
1939208
1940100
1940992
1941884
1942776
1943668
1944560
1945452
1946344
1947236
1948128
1949020
1949912
1950804
1951696
1952588
1953480
1954372
1955264
1956156
1957048
1957940
1958832
1959724
1960616
1961508
1962400
1963292
1964184
1965076
1965968
1966860
1967752
1968644
1969536
1970428
1971320
1972212
1973104
1973996
1974888
1975780
1976672
1977564
1978456
1979348
1980240
1981132
1982024
1982916
1983808
1984700
1985592
1986484
1987376
1988268
1989160
1990052
1990944
1991836
1992728
1993620
1994512
1995404
1996296
1997188
1998080
1998972
1999864
2000756
2001648
2002540
2003432
2004324
2005216
2006108
2007000
2007892
2008784
2009676
2010568
2011460
2012352
2013244
2014136
2015028
2015920
2016812
2017704
2018596
2019488
2020380
2021272
2022164
2023056
2023948
2024840
2025732
2026624
2027516
2028408
2029300
2030192
2031084
2031976
2032868
2033760
2034652
2035544
2036436
2037328
2038220
2039112
2040004
2040896
2041788
2042680
2043572
2044464
2045356
2046248
2047140
2048032
2048924
2049816
2050708
2051600
2052492
2053384
2054276
2055168
2056060
2056952
2057844
2058736
2059628
2060520
2061412
2062304
2063196
2064088
2064980
2065872
2066764
2067656
2068548
2069440
2070332
2071224
2072116
2073008
2073900
2074792
2075684
2076576
2077468
2078360
2079252
2080144
2081036
2081928
2082820
2083712
2084604
2085496
2086388
2087280
2088172
2089064
2089956
2090848
2091740
2092632
2093524
2094416
2095308
2096200
2097092
2097984
2098876
2099768
2100660
2101552
2102444
2103336
2104228
2105120
2106012
2106904
2107796
2108688
2109580
2110472
2111364
2112256
2113148
2114040
2114932
2115824
2116716
2117608
2118500
2119392
2120284
2121176
2122068
2122960
2123852
2124744
2125636
2126528
2127420
2128312
2129204
2130096
2130988
2131880
2132772
2133664
2134556
2135448
2136340
2137232
2138124
2139016
2139908
2140800
2141692
2142584
2143476
2144368
2145260
2146152
2147044
2147936
2148828
2149720
2150612
2151504
2152396
2153288
2154180
2155072
2155964
2156856
2157748
2158640
2159532
2160424
2161316
2162208
2163100
2163992
2164884
2165776
2166668
2167560
2168452
2169344
2170236
2171128
2172020
2172912
2173804
2174696
2175588
2176480
2177372
2178264
2179156
2180048
2180940
2181832
2182724
2183616
2184508
2185400
2186292
2187184
2188076
2188968
2189860
2190752
2191644
2192536
2193428
2194320
2195212
2196104
2196996
2197888
2198780
2199672
2200564
2201456
2202348
2203240
2204132
2205024
2205916
2206808
2207700
2208592
2209484
2210376
2211268
2212160
2213052
2213944
2214836
2215728
2216620
2217512
2218404
2219296
2220188
2221080
2221972
2222864
2223756
2224648
2225540
2226432
2227324
2228216
2229108
2230000
2230892
2231784
2232676
2233568
2234460
2235352
2236244
2237136
2238028
2238920
2239812
2240704
2241596
2242488
2243380
2244272
2245164
2246056
2246948
2247840
2248732
2249624
2250516
2251408
2252300
2253192
2254084
2254976
2255868
2256760
2257652
2258544
2259436
2260328
2261220
2262112
2263004
2263896
2264788
2265680
2266572
2267464
2268356
2269248
2270140
2271032
2271924
2272816
2273708
2274600
2275492
2276384
2277276
2278168
2279060
2279952
2280844
2281736
2282628
2283520
2284412
2285304
2286196
2287088
2287980
2288872
2289764
2290656
2291548
2292440
2293332
2294224
2295116
2296008
2296900
2297792
2298684
2299576
2300468
2301360
2302252
2303144
2304036
2304928
2305820
2306712
2307604
2308496
2309388
2310280
2311172
2312064
2312956
2313848
2314740
2315632
2316524
2317416
2318308
2319200
2320092
2320984
2321876
2322768
2323660
2324552
2325444
2326336
2327228
2328120
2329012
2329904
2330796
2331688
2332580
2333472
2334364
2335256
2336148
2337040
2337932
2338824
2339716
2340608
2341500
2342392
2343284
2344176
2345068
2345960
2346852
2347744
2348636
2349528
2350420
2351312
2352204
2353096
2353988
2354880
2355772
2356664
2357556
2358448
2359340
2360232
2361124
2362016
2362908
2363800
2364692
2365584
2366476
2367368
2368260
2369152
2370044
2370936
2371828
2372720
2373612
2374504
2375396
2376288
2377180
2378072
2378964
2379856
2380748
2381640
2382532
2383424
2384316
2385208
2386100
2386992
2387884
2388776
2389668
2390560
2391452
2392344
2393236
2394128
2395020
2395912
2396804
2397696
2398588
2399480
2400372
2401264
2402156
2403048
2403940
2404832
2405724
2406616
2407508
2408400
2409292
2410184
2411076
2411968
2412860
2413752
2414644
2415536
2416428
2417320
2418212
2419104
2419996
2420888
2421780
2422672
2423564
2424456
2425348
2426240
2427132
2428024
2428916
2429808
2430700
2431592
2432484
2433376
2434268
2435160
2436052
2436944
2437836
2438728
2439620
2440512
2441404
2442296
2443188
2444080
2444972
2445864
2446756
2447648
2448540
2449432
2450324
2451216
2452108
2453000
2453892
2454784
2455676
2456568
2457460
2458352
2459244
2460136
2461028
2461920
2462812
2463704
2464596
2465488
2466380
2467272
2468164
2469056
2469948
2470840
2471732
2472624
2473516
2474408
2475300
2476192
2477084
2477976
2478868
2479760
2480652
2481544
2482436
2483328
2484220
2485112
2486004
2486896
2487788
2488680
2489572
2490464
2491356
2492248
2493140
2494032
2494924
2495816
2496708
2497600
2498492
2499384
2500276
2501168
2502060
2502952
2503844
2504736
2505628
2506520
2507412
2508304
2509196
2510088
2510980
2511872
2512764
2513656
2514548
2515440
2516332
2517224
2518116
2519008
2519900
2520792
2521684
2522576
2523468
2524360
2525252
2526144
2527036
2527928
2528820
2529712
2530604
2531496
2532388
2533280
2534172
2535064
2535956
2536848
2537740
2538632
2539524
2540416
2541308
2542200
2543092
2543984
2544876
2545768
2546660
2547552
2548444
2549336
2550228
2551120
2552012
2552904
2553796
2554688
2555580
2556472
2557364
2558256
2559148
2560040
2560932
2561824
2562716
2563608
2564500
2565392
2566284
2567176
2568068
2568960
2569852
2570744
2571636
2572528
2573420
2574312
2575204
2576096
2576988
2577880
2578772
2579664
2580556
2581448
2582340
2583232
2584124
2585016
2585908
2586800
2587692
2588584
2589476
2590368
2591260
2592152
2593044
2593936
2594828
2595720
2596612
2597504
2598396
2599288
2600180
2601072
2601964
2602856
2603748
2604640
2605532
2606424
2607316
2608208
2609100
2609992
2610884
2611776
2612668
2613560
2614452
2615344
2616236
2617128
2618020
2618912
2619804
2620696
2621588
2622480
2623372
2624264
2625156
2626048
2626940
2627832
2628724
2629616
2630508
2631400
2632292
2633184
2634076
2634968
2635860
2636752
2637644
2638536
2639428
2640320
2641212
2642104
2642996
2643888
2644780
2645672
2646564
2647456
2648348
2649240
2650132
2651024
2651916
2652808
2653700
2654592
2655484
2656376
2657268
2658160
2659052
2659944
2660836
2661728
2662620
2663512
2664404
2665296
2666188
2667080
2667972
2668864
2669756
2670648
2671540
2672432
2673324
2674216
2675108
2676000
2676892
2677784
2678676
2679568
2680460
2681352
2682244
2683136
2684028
2684920
2685812
2686704
2687596
2688488
2689380
2690272
2691164
2692056
2692948
2693840
2694732
2695624
2696516
2697408
2698300
2699192
2700084
2700976
2701868
2702760
2703652
2704544
2705436
2706328
2707220
2708112
2709004
2709896
2710788
2711680
2712572
2713464
2714356
2715248
2716140
2717032
2717924
2718816
2719708
2720600
2721492
2722384
2723276
2724168
2725060
2725952
2726844
2727736
2728628
2729520
2730412
2731304
2732196
2733088
2733980
2734872
2735764
2736656
2737548
2738440
2739332
2740224
2741116
2742008
2742900
2743792
2744684
2745576
2746468
2747360
2748252
2749144
2750036
2750928
2751820
2752712
2753604
2754496
2755388
2756280
2757172
2758064
2758956
2759848
2760740
2761632
2762524
2763416
2764308
2765200
2766092
2766984
2767876
2768768
2769660
2770552
2771444
2772336
2773228
2774120
2775012
2775904
2776796
2777688
2778580
2779472
2780364
2781256
2782148
2783040
2783932
2784824
2785716
2786608
2787500
2788392
2789284
2790176
2791068
2791960
2792852
2793744
2794636
2795528
2796420
2797312
2798204
2799096
2799988
2800880
2801772
2802664
2803556
2804448
2805340
2806232
2807124
2808016
2808908
2809800
2810692
2811584
2812476
2813368
2814260
2815152
2816044
2816936
2817828
2818720
2819612
2820504
2821396
2822288
2823180
2824072
2824964
2825856
2826748
2827640
2828532
2829424
2830316
2831208
2832100
2832992
2833884
2834776
2835668
2836560
2837452
2838344
2839236
2840128
2841020
2841912
2842804
2843696
2844588
2845480
2846372
2847264
2848156
2849048
2849940
2850832
2851724
2852616
2853508
2854400
2855292
2856184
2857076
2857968
2858860
2859752
2860644
2861536
2862428
2863320
2864212
2865104
2865996
2866888
2867780
2868672
2869564
2870456
2871348
2872240
2873132
2874024
2874916
2875808
2876700
2877592
2878484
2879376
2880268
2881160
2882052
2882944
2883836
2884728
2885620
2886512
2887404
2888296
2889188
2890080
2890972
2891864
2892756
2893648
2894540
2895432
2896324
2897216
2898108
2899000
2899892
2900784
2901676
2902568
2903460
2904352
2905244
2906136
2907028
2907920
2908812
2909704
2910596
2911488
2912380
2913272
2914164
2915056
2915948
2916840
2917732
2918624
2919516
2920408
2921300
2922192
2923084
2923976
2924868
2925760
2926652
2927544
2928436
2929328
2930220
2931112
2932004
2932896
2933788
2934680
2935572
2936464
2937356
2938248
2939140
2940032
2940924
2941816
2942708
2943600
2944492
2945384
2946276
2947168
2948060
2948952
2949844
2950736
2951628
2952520
2953412
2954304
2955196
2956088
2956980
2957872
2958764
2959656
2960548
2961440
2962332
2963224
2964116
2965008
2965900
2966792
2967684
2968576
2969468
2970360
2971252
2972144
2973036
2973928
2974820
2975712
2976604
2977496
2978388
2979280
2980172
2981064
2981956
2982848
2983740
2984632
2985524
2986416
2987308
2988200
2989092
2989984
2990876
2991768
2992660
2993552
2994444
2995336
2996228
2997120
2998012
2998904
2999796
3000688
3001580
3002472
3003364
3004256
3005148
3006040
3006932
3007824
3008716
3009608
3010500
3011392
3012284
3013176
3014068
3014960
3015852
3016744
3017636
3018528
3019420
3020312
3021204
3022096
3022988
3023880
3024772
3025664
3026556
3027448
3028340
3029232
3030124
3031016
3031908
3032800
3033692
3034584
3035476
3036368
3037260
3038152
3039044
3039936
3040828
3041720
3042612
3043504
3044396
3045288
3046180
3047072
3047964
3048856
3049748
3050640
3051532
3052424
3053316
3054208
3055100
3055992
3056884
3057776
3058668
3059560
3060452
3061344
3062236
3063128
3064020
3064912
3065804
3066696
3067588
3068480
3069372
3070264
3071156
3072048
3072940
3073832
3074724
3075616
3076508
3077400
3078292
3079184
3080076
3080968
3081860
3082752
3083644
3084536
3085428
3086320
3087212
3088104
3088996
3089888
3090780
3091672
3092564
3093456
3094348
3095240
3096132
3097024
3097916
3098808
3099700
3100592
3101484
3102376
3103268
3104160
3105052
3105944
3106836
3107728
3108620
3109512
3110404
3111296
3112188
3113080
3113972
3114864
3115756
3116648
3117540
3118432
3119324
3120216
3121108
3122000
3122892
3123784
3124676
3125568
3126460
3127352
3128244
3129136
3130028
3130920
3131812
3132704
3133596
3134488
3135380
3136272
3137164
3138056
3138948
3139840
3140732
3141624
3142516
3143408
3144300
3145192
3146084
3146976
3147868
3148760
3149652
3150544
3151436
3152328
3153220
3154112
3155004
3155896
3156788
3157680
3158572
3159464
3160356
3161248
3162140
3163032
3163924
3164816
3165708
3166600
3167492
3168384
3169276
3170168
3171060
3171952
3172844
3173736
3174628
3175520
3176412
3177304
3178196
3179088
3179980
3180872
3181764
3182656
3183548
3184440
3185332
3186224
3187116
3188008
3188900
3189792
3190684
3191576
3192468
3193360
3194252
3195144
3196036
3196928
3197820
3198712
3199604
3200496
3201388
3202280
3203172
3204064
3204956
3205848
3206740
3207632
3208524
3209416
3210308
3211200
3212092
3212984
3213876
3214768
3215660
3216552
3217444
3218336
3219228
3220120
3221012
3221904
3222796
3223688
3224580
3225472
3226364
3227256
3228148
3229040
3229932
3230824
3231716
3232608
3233500
3234392
3235284
3236176
3237068
3237960
3238852
3239744
3240636
3241528
3242420
3243312
3244204
3245096
3245988
3246880
3247772
3248664
3249556
3250448
3251340
3252232
3253124
3254016
3254908
3255800
3256692
3257584
3258476
3259368
3260260
3261152
3262044
3262936
3263828
3264720
3265612
3266504
3267396
3268288
3269180
3270072
3270964
3271856
3272748
3273640
3274532
3275424
3276316
3277208
3278100
3278992
3279884
3280776
3281668
3282560
3283452
3284344
3285236
3286128
3287020
3287912
3288804
3289696
3290588
3291480
3292372
3293264
3294156
3295048
3295940
3296832
3297724
3298616
3299508
3300400
3301292
3302184
3303076
3303968
3304860
3305752
3306644
3307536
3308428
3309320
3310212
3311104
3311996
3312888
3313780
3314672
3315564
3316456
3317348
3318240
3319132
3320024
3320916
3321808
3322700
3323592
3324484
3325376
3326268
3327160
3328052
3328944
3329836
3330728
3331620
3332512
3333404
3334296
3335188
3336080
3336972
3337864
3338756
3339648
3340540
3341432
3342324
3343216
3344108
3345000
3345892
3346784
3347676
3348568
3349460
3350352
3351244
3352136
3353028
3353920
3354812
3355704
3356596
3357488
3358380
3359272
3360164
3361056
3361948
3362840
3363732
3364624
3365516
3366408
3367300
3368192
3369084
3369976
3370868
3371760
3372652
3373544
3374436
3375328
3376220
3377112
3378004
3378896
3379788
3380680
3381572
3382464
3383356
3384248
3385140
3386032
3386924
3387816
3388708
3389600
3390492
3391384
3392276
3393168
3394060
3394952
3395844
3396736
3397628
3398520
3399412
3400304
3401196
3402088
3402980
3403872
3404764
3405656
3406548
3407440
3408332
3409224
3410116
3411008
3411900
3412792
3413684
3414576
3415468
3416360
3417252
3418144
3419036
3419928
3420820
3421712
3422604
3423496
3424388
3425280
3426172
3427064
3427956
3428848
3429740
3430632
3431524
3432416
3433308
3434200
3435092
3435984
3436876
3437768
3438660
3439552
3440444
3441336
3442228
3443120
3444012
3444904
3445796
3446688
3447580
3448472
3449364
3450256
3451148
3452040
3452932
3453824
3454716
3455608
3456500
3457392
3458284
3459176
3460068
3460960
3461852
3462744
3463636
3464528
3465420
3466312
3467204
3468096
3468988
3469880
3470772
3471664
3472556
3473448
3474340
3475232
3476124
3477016
3477908
3478800
3479692
3480584
3481476
3482368
3483260
3484152
3485044
3485936
3486828
3487720
3488612
3489504
3490396
3491288
3492180
3493072
3493964
3494856
3495748
3496640
3497532
3498424
3499316
3500208
3501100
3501992
3502884
3503776
3504668
3505560
3506452
3507344
3508236
3509128
3510020
3510912
3511804
3512696
3513588
3514480
3515372
3516264
3517156
3518048
3518940
3519832
3520724
3521616
3522508
3523400
3524292
3525184
3526076
3526968
3527860
3528752
3529644
3530536
3531428
3532320
3533212
3534104
3534996
3535888
3536780
3537672
3538564
3539456
3540348
3541240
3542132
3543024
3543916
3544808
3545700
3546592
3547484
3548376
3549268
3550160
3551052
3551944
3552836
3553728
3554620
3555512
3556404
3557296
3558188
3559080
3559972
3560864
3561756
3562648
3563540
3564432
3565324
3566216
3567108
3568000
3568892
3569784
3570676
3571568
3572460
3573352
3574244
3575136
3576028
3576920
3577812
3578704
3579596
3580488
3581380
3582272
3583164
3584056
3584948
3585840
3586732
3587624
3588516
3589408
3590300
3591192
3592084
3592976
3593868
3594760
3595652
3596544
3597436
3598328
3599220
3600112
3601004
3601896
3602788
3603680
3604572
3605464
3606356
3607248
3608140
3609032
3609924
3610816
3611708
3612600
3613492
3614384
3615276
3616168
3617060
3617952
3618844
3619736
3620628
3621520
3622412
3623304
3624196
3625088
3625980
3626872
3627764
3628656
3629548
3630440
3631332
3632224
3633116
3634008
3634900
3635792
3636684
3637576
3638468
3639360
3640252
3641144
3642036
3642928
3643820
3644712
3645604
3646496
3647388
3648280
3649172
3650064
3650956
3651848
3652740
3653632
3654524
3655416
3656308
3657200
3658092
3658984
3659876
3660768
3661660
3662552
3663444
3664336
3665228
3666120
3667012
3667904
3668796
3669688
3670580
3671472
3672364
3673256
3674148
3675040
3675932
3676824
3677716
3678608
3679500
3680392
3681284
3682176
3683068
3683960
3684852
3685744
3686636
3687528
3688420
3689312
3690204
3691096
3691988
3692880
3693772
3694664
3695556
3696448
3697340
3698232
3699124
3700016
3700908
3701800
3702692
3703584
3704476
3705368
3706260
3707152
3708044
3708936
3709828
3710720
3711612
3712504
3713396
3714288
3715180
3716072
3716964
3717856
3718748
3719640
3720532
3721424
3722316
3723208
3724100
3724992
3725884
3726776
3727668
3728560
3729452
3730344
3731236
3732128
3733020
3733912
3734804
3735696
3736588
3737480
3738372
3739264
3740156
3741048
3741940
3742832
3743724
3744616
3745508
3746400
3747292
3748184
3749076
3749968
3750860
3751752
3752644
3753536
3754428
3755320
3756212
3757104
3757996
3758888
3759780
3760672
3761564
3762456
3763348
3764240
3765132
3766024
3766916
3767808
3768700
3769592
3770484
3771376
3772268
3773160
3774052
3774944
3775836
3776728
3777620
3778512
3779404
3780296
3781188
3782080
3782972
3783864
3784756
3785648
3786540
3787432
3788324
3789216
3790108
3791000
3791892
3792784
3793676
3794568
3795460
3796352
3797244
3798136
3799028
3799920
3800812
3801704
3802596
3803488
3804380
3805272
3806164
3807056
3807948
3808840
3809732
3810624
3811516
3812408
3813300
3814192
3815084
3815976
3816868
3817760
3818652
3819544
3820436
3821328
3822220
3823112
3824004
3824896
3825788
3826680
3827572
3828464
3829356
3830248
3831140
3832032
3832924
3833816
3834708
3835600
3836492
3837384
3838276
3839168
3840060
3840952
3841844
3842736
3843628
3844520
3845412
3846304
3847196
3848088
3848980
3849872
3850764
3851656
3852548
3853440
3854332
3855224
3856116
3857008
3857900
3858792
3859684
3860576
3861468
3862360
3863252
3864144
3865036
3865928
3866820
3867712
3868604
3869496
3870388
3871280
3872172
3873064
3873956
3874848
3875740
3876632
3877524
3878416
3879308
3880200
3881092
3881984
3882876
3883768
3884660
3885552
3886444
3887336
3888228
3889120
3890012
3890904
3891796
3892688
3893580
3894472
3895364
3896256
3897148
3898040
3898932
3899824
3900716
3901608
3902500
3903392
3904284
3905176
3906068
3906960
3907852
3908744
3909636
3910528
3911420
3912312
3913204
3914096
3914988
3915880
3916772
3917664
3918556
3919448
3920340
3921232
3922124
3923016
3923908
3924800
3925692
3926584
3927476
3928368
3929260
3930152
3931044
3931936
3932828
3933720
3934612
3935504
3936396
3937288
3938180
3939072
3939964
3940856
3941748
3942640
3943532
3944424
3945316
3946208
3947100
3947992
3948884
3949776
3950668
3951560
3952452
3953344
3954236
3955128
3956020
3956912
3957804
3958696
3959588
3960480
3961372
3962264
3963156
3964048
3964940
3965832
3966724
3967616
3968508
3969400
3970292
3971184
3972076
3972968
3973860
3974752
3975644
3976536
3977428
3978320
3979212
3980104
3980996
3981888
3982780
3983672
3984564
3985456
3986348
3987240
3988132
3989024
3989916
3990808
3991700
3992592
3993484
3994376
3995268
3996160
3997052
3997944
3998836
3999728
4000620
4001512
4002404
4003296
4004188
4005080
4005972
4006864
4007756
4008648
4009540
4010432
4011324
4012216
4013108
4014000
4014892
4015784
4016676
4017568
4018460
4019352
4020244
4021136
4022028
4022920
4023812
4024704
4025596
4026488
4027380
4028272
4029164
4030056
4030948
4031840
4032732
4033624
4034516
4035408
4036300
4037192
4038084
4038976
4039868
4040760
4041652
4042544
4043436
4044328
4045220
4046112
4047004
4047896
4048788
4049680
4050572
4051464
4052356
4053248
4054140
4055032
4055924
4056816
4057708
4058600
4059492
4060384
4061276
4062168
4063060
4063952
4064844
4065736
4066628
4067520
4068412
4069304
4070196
4071088
4071980
4072872
4073764
4074656
4075548
4076440
4077332
4078224
4079116
4080008
4080900
4081792
4082684
4083576
4084468
4085360
4086252
4087144
4088036
4088928
4089820
4090712
4091604
4092496
4093388
4094280
4095172
4096064
4096956
4097848
4098740
4099632
4100524
4101416
4102308
4103200
4104092
4104984
4105876
4106768
4107660
4108552
4109444
4110336
4111228
4112120
4113012
4113904
4114796
4115688
4116580
4117472
4118364
4119256
4120148
4121040
4121932
4122824
4123716
4124608
4125500
4126392
4127284
4128176
4129068
4129960
4130852
4131744
4132636
4133528
4134420
4135312
4136204
4137096
4137988
4138880
4139772
4140664
4141556
4142448
4143340
4144232
4145124
4146016
4146908
4147800
4148692
4149584
4150476
4151368
4152260
4153152
4154044
4154936
4155828
4156720
4157612
4158504
4159396
4160288
4161180
4162072
4162964
4163856
4164748
4165640
4166532
4167424
4168316
4169208
4170100
4170992
4171884
4172776
4173668
4174560
4175452
4176344
4177236
4178128
4179020
4179912
4180804
4181696
4182588
4183480
4184372
4185264
4186156
4187048
4187940
4188832
4189724
4190616
4191508
4192400
4193292
4194184
4195076
4195968
4196860
4197752
4198644
4199536
4200428
4201320
4202212
4203104
4203996
4204888
4205780
4206672
4207564
4208456
4209348
4210240
4211132
4212024
4212916
4213808
4214700
4215592
4216484
4217376
4218268
4219160
4220052
4220944
4221836
4222728
4223620
4224512
4225404
4226296
4227188
4228080
4228972
4229864
4230756
4231648
4232540
4233432
4234324
4235216
4236108
4237000
4237892
4238784
4239676
4240568
4241460
4242352
4243244
4244136
4245028
4245920
4246812
4247704
4248596
4249488
4250380
4251272
4252164
4253056
4253948
4254840
4255732
4256624
4257516
4258408
4259300
4260192
4261084
4261976
4262868
4263760
4264652
4265544
4266436
4267328
4268220
4269112
4270004
4270896
4271788
4272680
4273572
4274464
4275356
4276248
4277140
4278032
4278924
4279816
4280708
4281600
4282492
4283384
4284276
4285168
4286060
4286952
4287844
4288736
4289628
4290520
4291412
4292304
4293196
4294088
4294980
4295872
4296764
4297656
4298548
4299440
4300332
4301224
4302116
4303008
4303900
4304792
4305684
4306576
4307468
4308360
4309252
4310144
4311036
4311928
4312820
4313712
4314604
4315496
4316388
4317280
4318172
4319064
4319956
4320848
4321740
4322632
4323524
4324416
4325308
4326200
4327092
4327984
4328876
4329768
4330660
4331552
4332444
4333336
4334228
4335120
4336012
4336904
4337796
4338688
4339580
4340472
4341364
4342256
4343148
4344040
4344932
4345824
4346716
4347608
4348500
4349392
4350284
4351176
4352068
4352960
4353852
4354744
4355636
4356528
4357420
4358312
4359204
4360096
4360988
4361880
4362772
4363664
4364556
4365448
4366340
4367232
4368124
4369016
4369908
4370800
4371692
4372584
4373476
4374368
4375260
4376152
4377044
4377936
4378828
4379720
4380612
4381504
4382396
4383288
4384180
4385072
4385964
4386856
4387748
4388640
4389532
4390424
4391316
4392208
4393100
4393992
4394884
4395776
4396668
4397560
4398452
4399344
4400236
4401128
4402020
4402912
4403804
4404696
4405588
4406480
4407372
4408264
4409156
4410048
4410940
4411832
4412724
4413616
4414508
4415400
4416292
4417184
4418076
4418968
4419860
4420752
4421644
4422536
4423428
4424320
4425212
4426104
4426996
4427888
4428780
4429672
4430564
4431456
4432348
4433240
4434132
4435024
4435916
4436808
4437700
4438592
4439484
4440376
4441268
4442160
4443052
4443944
4444836
4445728
4446620
4447512
4448404
4449296
4450188
4451080
4451972
4452864
4453756
4454648
4455540
4456432
4457324
4458216
4459108
4460000
4460892
4461784
4462676
4463568
4464460
4465352
4466244
4467136
4468028
4468920
4469812
4470704
4471596
4472488
4473380
4474272
4475164
4476056
4476948
4477840
4478732
4479624
4480516
4481408
4482300
4483192
4484084
4484976
4485868
4486760
4487652
4488544
4489436
4490328
4491220
4492112
4493004
4493896
4494788
4495680
4496572
4497464
4498356
4499248
4500140
4501032
4501924
4502816
4503708
4504600
4505492
4506384
4507276
4508168
4509060
4509952
4510844
4511736
4512628
4513520
4514412
4515304
4516196
4517088
4517980
4518872
4519764
4520656
4521548
4522440
4523332
4524224
4525116
4526008
4526900
4527792
4528684
4529576
4530468
4531360
4532252
4533144
4534036
4534928
4535820
4536712
4537604
4538496
4539388
4540280
4541172
4542064
4542956
4543848
4544740
4545632
4546524
4547416
4548308
4549200
4550092
4550984
4551876
4552768
4553660
4554552
4555444
4556336
4557228
4558120
4559012
4559904
4560796
4561688
4562580
4563472
4564364
4565256
4566148
4567040
4567932
4568824
4569716
4570608
4571500
4572392
4573284
4574176
4575068
4575960
4576852
4577744
4578636
4579528
4580420
4581312
4582204
4583096
4583988
4584880
4585772
4586664
4587556
4588448
4589340
4590232
4591124
4592016
4592908
4593800
4594692
4595584
4596476
4597368
4598260
4599152
4600044
4600936
4601828
4602720
4603612
4604504
4605396
4606288
4607180
4608072
4608964
4609856
4610748
4611640
4612532
4613424
4614316
4615208
4616100
4616992
4617884
4618776
4619668
4620560
4621452
4622344
4623236
4624128
4625020
4625912
4626804
4627696
4628588
4629480
4630372
4631264
4632156
4633048
4633940
4634832
4635724
4636616
4637508
4638400
4639292
4640184
4641076
4641968
4642860
4643752
4644644
4645536
4646428
4647320
4648212
4649104
4649996
4650888
4651780
4652672
4653564
4654456
4655348
4656240
4657132
4658024
4658916
4659808
4660700
4661592
4662484
4663376
4664268
4665160
4666052
4666944
4667836
4668728
4669620
4670512
4671404
4672296
4673188
4674080
4674972
4675864
4676756
4677648
4678540
4679432
4680324
4681216
4682108
4683000
4683892
4684784
4685676
4686568
4687460
4688352
4689244
4690136
4691028
4691920
4692812
4693704
4694596
4695488
4696380
4697272
4698164
4699056
4699948
4700840
4701732
4702624
4703516
4704408
4705300
4706192
4707084
4707976
4708868
4709760
4710652
4711544
4712436
4713328
4714220
4715112
4716004
4716896
4717788
4718680
4719572
4720464
4721356
4722248
4723140
4724032
4724924
4725816
4726708
4727600
4728492
4729384
4730276
4731168
4732060
4732952
4733844
4734736
4735628
4736520
4737412
4738304
4739196
4740088
4740980
4741872
4742764
4743656
4744548
4745440
4746332
4747224
4748116
4749008
4749900
4750792
4751684
4752576
4753468
4754360
4755252
4756144
4757036
4757928
4758820
4759712
4760604
4761496
4762388
4763280
4764172
4765064
4765956
4766848
4767740
4768632
4769524
4770416
4771308
4772200
4773092
4773984
4774876
4775768
4776660
4777552
4778444
4779336
4780228
4781120
4782012
4782904
4783796
4784688
4785580
4786472
4787364
4788256
4789148
4790040
4790932
4791824
4792716
4793608
4794500
4795392
4796284
4797176
4798068
4798960
4799852
4800744
4801636
4802528
4803420
4804312
4805204
4806096
4806988
4807880
4808772
4809664
4810556
4811448
4812340
4813232
4814124
4815016
4815908
4816800
4817692
4818584
4819476
4820368
4821260
4822152
4823044
4823936
4824828
4825720
4826612
4827504
4828396
4829288
4830180
4831072
4831964
4832856
4833748
4834640
4835532
4836424
4837316
4838208
4839100
4839992
4840884
4841776
4842668
4843560
4844452
4845344
4846236
4847128
4848020
4848912
4849804
4850696
4851588
4852480
4853372
4854264
4855156
4856048
4856940
4857832
4858724
4859616
4860508
4861400
4862292
4863184
4864076
4864968
4865860
4866752
4867644
4868536
4869428
4870320
4871212
4872104
4872996
4873888
4874780
4875672
4876564
4877456
4878348
4879240
4880132
4881024
4881916
4882808
4883700
4884592
4885484
4886376
4887268
4888160
4889052
4889944
4890836
4891728
4892620
4893512
4894404
4895296
4896188
4897080
4897972
4898864
4899756
4900648
4901540
4902432
4903324
4904216
4905108
4906000
4906892
4907784
4908676
4909568
4910460
4911352
4912244
4913136
4914028
4914920
4915812
4916704
4917596
4918488
4919380
4920272
4921164
4922056
4922948
4923840
4924732
4925624
4926516
4927408
4928300
4929192
4930084
4930976
4931868
4932760
4933652
4934544
4935436
4936328
4937220
4938112
4939004
4939896
4940788
4941680
4942572
4943464
4944356
4945248
4946140
4947032
4947924
4948816
4949708
4950600
4951492
4952384
4953276
4954168
4955060
4955952
4956844
4957736
4958628
4959520
4960412
4961304
4962196
4963088
4963980
4964872
4965764
4966656
4967548
4968440
4969332
4970224
4971116
4972008
4972900
4973792
4974684
4975576
4976468
4977360
4978252
4979144
4980036
4980928
4981820
4982712
4983604
4984496
4985388
4986280
4987172
4988064
4988956
4989848
4990740
4991632
4992524
4993416
4994308
4995200
4996092
4996984
4997876
4998768
4999660
5000552
5001444
5002336
5003228
5004120
5005012
5005904
5006796
5007688
5008580
5009472
5010364
5011256
5012148
5013040
5013932
5014824
5015716
5016608
5017500
5018392
5019284
5020176
5021068
5021960
5022852
5023744
5024636
5025528
5026420
5027312
5028204
5029096
5029988
5030880
5031772
5032664
5033556
5034448
5035340
5036232
5037124
5038016
5038908
5039800
5040692
5041584
5042476
5043368
5044260
5045152
5046044
5046936
5047828
5048720
5049612
5050504
5051396
5052288
5053180
5054072
5054964
5055856
5056748
5057640
5058532
5059424
5060316
5061208
5062100
5062992
5063884
5064776
5065668
5066560
5067452
5068344
5069236
5070128
5071020
5071912
5072804
5073696
5074588
5075480
5076372
5077264
5078156
5079048
5079940
5080832
5081724
5082616
5083508
5084400
5085292
5086184
5087076
5087968
5088860
5089752
5090644
5091536
5092428
5093320
5094212
5095104
5095996
5096888
5097780
5098672
5099564
5100456
5101348
5102240
5103132
5104024
5104916
5105808
5106700
5107592
5108484
5109376
5110268
5111160
5112052
5112944
5113836
5114728
5115620
5116512
5117404
5118296
5119188
5120080
5120972
5121864
5122756
5123648
5124540
5125432
5126324
5127216
5128108
5129000
5129892
5130784
5131676
5132568
5133460
5134352
5135244
5136136
5137028
5137920
5138812
5139704
5140596
5141488
5142380
5143272
5144164
5145056
5145948
5146840
5147732
5148624
5149516
5150408
5151300
5152192
5153084
5153976
5154868
5155760
5156652
5157544
5158436
5159328
5160220
5161112
5162004
5162896
5163788
5164680
5165572
5166464
5167356
5168248
5169140
5170032
5170924
5171816
5172708
5173600
5174492
5175384
5176276
5177168
5178060
5178952
5179844
5180736
5181628
5182520
5183412
5184304
5185196
5186088
5186980
5187872
5188764
5189656
5190548
5191440
5192332
5193224
5194116
5195008
5195900
5196792
5197684
5198576
5199468
5200360
5201252
5202144
5203036
5203928
5204820
5205712
5206604
5207496
5208388
5209280
5210172
5211064
5211956
5212848
5213740
5214632
5215524
5216416
5217308
5218200
5219092
5219984
5220876
5221768
5222660
5223552
5224444
5225336
5226228
5227120
5228012
5228904
5229796
5230688
5231580
5232472
5233364
5234256
5235148
5236040
5236932
5237824
5238716
5239608
5240500
5241392
5242284
5243176
5244068
5244960
5245852
5246744
5247636
5248528
5249420
5250312
5251204
5252096
5252988
5253880
5254772
5255664
5256556
5257448
5258340
5259232
5260124
5261016
5261908
5262800
5263692
5264584
5265476
5266368
5267260
5268152
5269044
5269936
5270828
5271720
5272612
5273504
5274396
5275288
5276180
5277072
5277964
5278856
5279748
5280640
5281532
5282424
5283316
5284208
5285100
5285992
5286884
5287776
5288668
5289560
5290452
5291344
5292236
5293128
5294020
5294912
5295804
5296696
5297588
5298480
5299372
5300264
5301156
5302048
5302940
5303832
5304724
5305616
5306508
5307400
5308292
5309184
5310076
5310968
5311860
5312752
5313644
5314536
5315428
5316320
5317212
5318104
5318996
5319888
5320780
5321672
5322564
5323456
5324348
5325240
5326132
5327024
5327916
5328808
5329700
5330592
5331484
5332376
5333268
5334160
5335052
5335944
5336836
5337728
5338620
5339512
5340404
5341296
5342188
5343080
5343972
5344864
5345756
5346648
5347540
5348432
5349324
5350216
5351108
5352000
5352892
5353784
5354676
5355568
5356460
5357352
5358244
5359136
5360028
5360920
5361812
5362704
5363596
5364488
5365380
5366272
5367164
5368056
5368948
5369840
5370732
5371624
5372516
5373408
5374300
5375192
5376084
5376976
5377868
5378760
5379652
5380544
5381436
5382328
5383220
5384112
5385004
5385896
5386788
5387680
5388572
5389464
5390356
5391248
5392140
5393032
5393924
5394816
5395708
5396600
5397492
5398384
5399276
5400168
5401060
5401952
5402844
5403736
5404628
5405520
5406412
5407304
5408196
5409088
5409980
5410872
5411764
5412656
5413548
5414440
5415332
5416224
5417116
5418008
5418900
5419792
5420684
5421576
5422468
5423360
5424252
5425144
5426036
5426928
5427820
5428712
5429604
5430496
5431388
5432280
5433172
5434064
5434956
5435848
5436740
5437632
5438524
5439416
5440308
5441200
5442092
5442984
5443876
5444768
5445660
5446552
5447444
5448336
5449228
5450120
5451012
5451904
5452796
5453688
5454580
5455472
5456364
5457256
5458148
5459040
5459932
5460824
5461716
5462608
5463500
5464392
5465284
5466176
5467068
5467960
5468852
5469744
5470636
5471528
5472420
5473312
5474204
5475096
5475988
5476880
5477772
5478664
5479556
5480448
5481340
5482232
5483124
5484016
5484908
5485800
5486692
5487584
5488476
5489368
5490260
5491152
5492044
5492936
5493828
5494720
5495612
5496504
5497396
5498288
5499180
5500072
5500964
5501856
5502748
5503640
5504532
5505424
5506316
5507208
5508100
5508992
5509884
5510776
5511668
5512560
5513452
5514344
5515236
5516128
5517020
5517912
5518804
5519696
5520588
5521480
5522372
5523264
5524156
5525048
5525940
5526832
5527724
5528616
5529508
5530400
5531292
5532184
5533076
5533968
5534860
5535752
5536644
5537536
5538428
5539320
5540212
5541104
5541996
5542888
5543780
5544672
5545564
5546456
5547348
5548240
5549132
5550024
5550916
5551808
5552700
5553592
5554484
5555376
5556268
5557160
5558052
5558944
5559836
5560728
5561620
5562512
5563404
5564296
5565188
5566080
5566972
5567864
5568756
5569648
5570540
5571432
5572324
5573216
5574108
5575000
5575892
5576784
5577676
5578568
5579460
5580352
5581244
5582136
5583028
5583920
5584812
5585704
5586596
5587488
5588380
5589272
5590164
5591056
5591948
5592840
5593732
5594624
5595516
5596408
5597300
5598192
5599084
5599976
5600868
5601760
5602652
5603544
5604436
5605328
5606220
5607112
5608004
5608896
5609788
5610680
5611572
5612464
5613356
5614248
5615140
5616032
5616924
5617816
5618708
5619600
5620492
5621384
5622276
5623168
5624060
5624952
5625844
5626736
5627628
5628520
5629412
5630304
5631196
5632088
5632980
5633872
5634764
5635656
5636548
5637440
5638332
5639224
5640116
5641008
5641900
5642792
5643684
5644576
5645468
5646360
5647252
5648144
5649036
5649928
5650820
5651712
5652604
5653496
5654388
5655280
5656172
5657064
5657956
5658848
5659740
5660632
5661524
5662416
5663308
5664200
5665092
5665984
5666876
5667768
5668660
5669552
5670444
5671336
5672228
5673120
5674012
5674904
5675796
5676688
5677580
5678472
5679364
5680256
5681148
5682040
5682932
5683824
5684716
5685608
5686500
5687392
5688284
5689176
5690068
5690960
5691852
5692744
5693636
5694528
5695420
5696312
5697204
5698096
5698988
5699880
5700772
5701664
5702556
5703448
5704340
5705232
5706124
5707016
5707908
5708800
5709692
5710584
5711476
5712368
5713260
5714152
5715044
5715936
5716828
5717720
5718612
5719504
5720396
5721288
5722180
5723072
5723964
5724856
5725748
5726640
5727532
5728424
5729316
5730208
5731100
5731992
5732884
5733776
5734668
5735560
5736452
5737344
5738236
5739128
5740020
5740912
5741804
5742696
5743588
5744480
5745372
5746264
5747156
5748048
5748940
5749832
5750724
5751616
5752508
5753400
5754292
5755184
5756076
5756968
5757860
5758752
5759644
5760536
5761428
5762320
5763212
5764104
5764996
5765888
5766780
5767672
5768564
5769456
5770348
5771240
5772132
5773024
5773916
5774808
5775700
5776592
5777484
5778376
5779268
5780160
5781052
5781944
5782836
5783728
5784620
5785512
5786404
5787296
5788188
5789080
5789972
5790864
5791756
5792648
5793540
5794432
5795324
5796216
5797108
5798000
5798892
5799784
5800676
5801568
5802460
5803352
5804244
5805136
5806028
5806920
5807812
5808704
